  0.16   1.85
  0.18   2.55
  0.43   1.61
  0.70   1.49
  1.54   2.26
  1.43   0.49
  1.57   0.61
  2.00   0.74
  2.05   3.38
  1.67   1.06
  1.68   0.73
  1.72   0.80
  1.97   1.60
  1.94   1.35
  0.31   1.97
  0.24   2.05
  0.69   1.25
  1.06   1.36
  1.78   1.30
  2.46   6.66
  1.93   0.71
  2.28   0.74
  2.09   1.39
  1.69   0.82
  1.42   0.74
  0.19   1.86
  0.36   1.72
  0.28   2.24
  0.10   2.46
  1.07   1.43
  3.32   1.06
  3.08   0.76
  1.06   1.06
  1.96   0.90
  2.40   0.41
  2.44   4.27
  2.25   0.96
  1.99   0.36
  1.61   1.72
  1.40   0.55
  2.26   0.55
  3.19   0.85
  5.12   0.45
  5.78   0.62
  6.33   6.57
  5.54   0.60
  4.82   0.45
  5.82   0.47
  5.62   0.41
  4.76   0.35
  2.46   0.50
  2.81   2.75
  2.76   0.38
  1.32   1.74
  1.13   0.51
  1.47   0.74
  2.01   1.11
  0.13   2.30
  1.88   0.82
  2.16   0.94
  2.85   0.59
  3.41   1.56
  2.62   0.79
  2.67   0.60
  3.39   0.67
  3.91   4.85
  3.61   0.29
  3.35   0.82
  3.12   0.70
  2.77   0.59
  1.99   1.38
  1.63   0.40
  1.02   1.39
  1.24   3.47
  1.15   0.51
  0.52   1.57
  1.25   1.52
  1.91   1.22
  3.61   4.55
  3.60   0.56
  3.39   0.40
  2.06   0.81
  3.33   0.82
  3.15   1.04
  2.81   1.06
  2.54   0.83
  2.09   0.47
  1.62   1.46
  1.36   0.49
  2.97   0.76
  1.68   0.98
  0.35   1.94
  0.03   2.58
  2.04   0.72
  2.55   1.70
  2.38   0.63
  1.76   0.49
  1.40   0.57
  2.19   1.05
  2.61   0.79
  3.35   0.72
  5.54   1.05
  5.46   0.78
  4.03   0.81
  3.52   0.78
  7.24   0.54
  8.48   0.57
 11.54   0.45
 10.64   0.32
  8.73   0.63
  6.97   0.78
  3.83   0.91
  3.77   0.35
 10.61   0.32
 11.83   0.35
 10.56   0.40
 12.34   0.25
 12.34   0.42
 10.04   0.41
 13.15  10.74
 12.81   0.34
 11.68   0.35
 12.36   0.39
 11.73   0.38
  9.80   0.35
 10.47   0.34
 10.98   0.51
 10.07   0.35
  9.65   0.43
  9.45   0.43
  8.97   0.47
  8.39   0.39
  7.46   0.54
  8.09   0.46
  8.82   0.29
  9.13   0.35
  9.28   1.20
  7.15   1.00
  4.56   0.81
  3.94   0.54
  5.49   0.83
  8.43   0.71
  8.18   0.73
  9.21   0.81
  9.09   0.29
  8.88   0.32
  8.13   0.43
  7.06   0.35
  6.14   0.21
  5.70   0.81
  8.66   0.49
  6.63   0.70
  6.62   0.21
  7.12   0.78
  9.52   0.64
 10.12   0.27
 10.70   0.35
 10.72   0.38
 11.05   0.54
 10.39   0.72
 10.27   0.22
 11.16   4.21
 10.39   0.61
  9.73   0.60
  9.05   0.30
  8.68   0.27
  7.25   0.30
  7.91   0.45
  9.07   0.88
  8.46   0.25
  7.75   0.21
  7.03   0.65
  6.46   0.20
  8.27   0.97
  8.88   1.10
  8.50   0.47
  7.19   0.50
  5.12   0.64
  7.96   0.65
  8.86   0.40
  8.87   0.64
  8.63   0.43
  5.81   0.30
  6.19   0.78
  5.80   0.64
  8.62   0.82
  7.92   0.61
  8.22   0.56
 10.53   0.68
  5.24   0.49
  5.70   0.74
 10.44   0.32
 11.95   0.34
 13.08   0.32
 13.07   0.40
 13.24   0.54
 13.15   0.32
 14.03   0.41
 11.35   0.57
 10.84   0.30
  8.58   0.73
  7.21   0.34
  5.64   0.61
  4.97   0.78
  7.95   0.94
 11.29   0.81
 14.57  26.69
 14.31   0.38
 11.93   0.35
 11.47   0.60
 11.23   0.14
 11.30   0.46
 10.07   0.32
 13.48   0.60
 10.98   0.53
 14.01   0.52
 12.83   0.68
 12.65   0.34
 12.17   0.21
 12.72   0.58
 11.60   0.49
  7.53   0.82
  6.42   0.52
  8.23   0.43
  8.13   0.20
  8.86   0.72
  9.35   0.25
  9.52   0.64
  9.43   0.56
 10.23   0.25
 10.56   0.53
 12.05   0.49
 11.07   0.49
  9.81   0.39
  9.81   0.56
  9.15   0.18
  8.28   0.36
  5.82   0.36
  6.37   0.87
  5.77   0.16
  6.22   0.25
  7.11   1.01
 10.31   0.40
 10.81   0.29
  8.51   0.75
  7.07   0.34
  4.80   0.85
  4.36   0.79
  6.99   0.55
  8.40   0.30
  8.62   0.67
 10.97   0.25
 11.38   0.46
 11.43   0.18
 11.17   0.18
 11.54   0.46
 11.51   0.47
  9.30   0.53
 10.06   0.64
  8.53   0.41
  7.67   0.25
  8.30   0.76
  7.17   0.70
  6.51   0.30
  8.02   0.86
  7.82   0.34
  7.32   0.57
  3.98   0.99
  8.18   0.81
  8.91   0.35
 10.15   0.27
 10.49   0.55
 10.34   0.32
 10.64   0.81
  8.79   0.83
  6.37   0.49
  5.69   0.49
  7.77   0.25
  8.71   0.59
  5.65   0.40
  7.51   0.56
  9.67   0.47
 10.98   0.50
 11.24   0.43
 11.47   1.12
  9.52   0.49
  8.27   0.25
 10.29   0.63
  8.14   0.60
 11.57   5.73
 10.98   0.38
 11.18   0.27
 11.42   0.53
 11.28   0.25
  9.69   0.22
  9.81   0.52
 10.22   0.45
 10.33   1.17
  9.17   0.81
  5.33   0.57
  6.59   0.29
  7.74   0.74
  9.86   0.47
  9.54   0.25
  9.40   0.30
  3.81   0.86
  3.06   0.42
 11.61   4.01
  6.65   0.57
  7.26   0.60
  9.23   0.83
  9.20   0.32
  7.80   0.43
  8.73   0.63
  9.75   1.60
  9.37   0.30
  9.37   0.74
  9.55   0.40
  8.32   0.47
  9.61   0.76
  5.30   0.82
  3.80   0.35
  6.50   0.72
  9.56   0.43
 10.50   0.27
 10.67   0.63
  9.70   0.47
  8.01   0.45
  8.78   0.41
 10.05   0.45
 10.98   5.59
 10.85   0.32
  9.38   0.46
 10.39   0.65
  9.82   0.90
  8.01   0.47
  7.55   0.45
  6.40   0.21
  7.48   0.25
  7.14   0.29
  7.95   0.18
  8.24   1.16
  7.97   0.80
  9.40   0.30
  9.84   0.83
  9.54   0.60
  7.34   0.50
  8.78   0.35
  8.67   0.49
  7.26   0.45
  5.41   0.45
  6.11   0.39
  5.70   0.49
  6.60   0.39
  7.61   0.60
  7.00   0.35
  7.83   1.06
  5.36   0.53
  7.27   0.57
  4.77   0.39
  5.01   0.65
  7.60   0.29
  8.50   0.56
  9.13   3.13
  9.00   0.25
  8.34   0.81
  7.59   0.40
  5.08   0.57
  6.06   0.35
  7.30   0.76
  3.23   0.71
  7.10   0.61
  6.76   0.41
