   57.0000
   50.9000
   43.0000
   38.8000
   37.1000
   38.4000
   38.4000
   46.5000
   53.5000
   58.4000
   60.6000
   58.2000
   53.8000
   46.6000
   45.5000
   40.6000
   42.4000
   38.4000
   40.3000
   44.6000
   50.9000
   57.0000
   62.1000
   63.5000
   56.3000
   47.3000
   43.6000
   41.8000
   36.2000
   39.3000
   44.5000
   48.7000
   54.2000
   60.8000
   65.5000
   64.9000
   60.1000
   50.2000
   42.1000
   35.8000
   39.4000
   38.2000
   40.4000
   46.9000
   53.4000
   59.6000
   66.5000
   60.4000
   59.2000
   51.2000
   42.8000
   45.8000
   40.0000
   42.6000
   43.5000
   47.1000
   50.0000
   60.5000
   64.6000
   64.0000
   56.8000
   48.6000
   44.2000
   36.4000