    8.3000
   18.3000
   26.7000
   38.3000
   60.0000
   96.7000
   48.3000
   33.3000
   16.7000
   13.3000
    5.0000
         0
         0
    3.3000
   18.3000
   45.0000
   78.3000
  105.0000
  100.0000
   65.0000
   46.7000
   43.3000
   36.7000
   18.3000
   35.0000
   66.7000
  130.0000
  203.3000
  171.7000
  121.7000
   78.3000
   58.3000
   18.3000
    8.3000
   26.7000
   56.7000
  116.7000
  135.0000
  185.0000
  168.3000
  121.7000
   66.7000
   33.3000
   26.7000
    8.3000
   18.3000
   36.7000
   66.7000
  100.0000
  134.8000
  139.0000
   79.5000
   79.7000
   51.2000
   20.3000
   16.0000
   17.0000
   54.0000
   79.3000
   90.0000
  104.8000
  143.2000
  102.0000
   75.2000
   60.7000
   34.8000
   19.0000
   63.0000
  116.3000
  176.8000
  168.0000
  136.0000
  110.8000
   58.0000
   51.0000
   11.7000
   33.0000
  154.2000
  257.3000
  209.8000
  141.3000
  113.5000
   64.2000
   38.0000
   17.0000
   40.2000
  138.2000
  220.0000
  218.2000
  196.8000
  149.8000
  111.0000
  100.0000
   78.2000
   68.3000
   35.5000
   26.7000
   10.7000
    6.8000
   11.3000
   24.2000
   56.7000
   75.0000
   71.8000
   79.2000
   70.3000
   46.8000
   16.8000
   13.5000
    4.2000
         0
    2.3000
    8.3000
   20.3000
   23.2000
   59.0000
   76.3000
   68.3000
   52.9000
   38.5000
   24.2000
    9.2000
    6.3000
    2.2000
   11.4000
   28.2000
   59.9000
   83.0000
  108.5000
  115.2000
  117.4000
   80.8000
   44.3000
   13.4000
   19.5000
   85.8000
  192.7000
  227.3000
  168.7000
  143.0000
  105.5000
   63.3000
   40.3000
   18.1000
   25.1000
   65.8000
  102.7000
  166.3000
  208.3000
  182.5000
  126.3000
  122.0000
  102.7000
   74.1000
   39.0000
   12.7000
    8.2000
   43.4000
  104.4000
  178.3000
  182.2000
  146.6000
  112.1000
   83.5000
   89.2000
   57.8000
   30.7000
   13.9000
   62.8000
  123.6000
  232.0000
  185.3000
  169.2000
  110.1000
   74.5000
   28.3000
   18.9000
   20.7000
    5.7000
   10.0000
   53.7000
   90.5000
   99.0000
  106.1000
  105.8000
   86.3000
   42.4000
   21.8000
   11.2000
   10.4000
   11.8000
   59.5000
  121.7000
  142.0000
  130.0000
  106.6000
   69.4000
   43.8000
   44.4000
   20.2000
   15.7000
    4.6000
    8.5000
   40.8000
   70.1000
  105.5000
   90.1000
  102.8000
   80.9000
   73.2000
   30.9000
    9.5000
    6.0000
    2.4000
   16.1000
   79.0000
   95.0000
  173.6000
  134.6000
  105.7000
   62.7000
   43.5000
   23.7000
    9.7000
   27.9000
   74.0000
  106.5000
  114.7000
  129.7000
  108.2000
   59.4000
   35.1000
   18.6000
    9.2000
   14.6000
   60.2000
  132.8000
  190.6000
  182.6000
  148.0000
  113.0000
   79.2000
   50.8000
   27.1000
   16.1000
   55.3000
  154.3000
  214.7000
  193.0000
  190.7000
  118.9000
   98.3000
   45.0000
   20.1000
    6.6000
   54.2000
  200.7000
  269.3000
  261.7000
  225.1000
  159.0000
   76.4000
   53.4000
   39.9000
   15.0000
   22.0000
   66.8000
  132.9000
  150.0000
  149.4000
  148.0000
   94.4000
   97.6000
   54.1000
   49.2000
   22.5000
   18.4000
   39.3000
  131.0000
  220.1000
  218.9000
  198.9000
  162.4000
   91.0000
   60.5000
   20.6000
   14.8000
   33.9000
