   53.8000
   59.4000
   63.5000
   61.0000
   53.0000
   50.0000
   38.1000
   36.3000
   39.2000
   43.4000
   43.4000
   48.9000
   50.6000
   56.8000
   62.5000
   62.0000
   57.5000
   46.7000
   41.6000
   39.8000
   39.4000
   38.5000
   45.3000
   47.1000
   51.7000
   55.0000
   60.4000
   60.5000
   54.7000
   50.3000
   42.3000
   35.2000
   40.8000
   41.1000
   42.8000
   47.3000
   50.9000
   56.4000
   62.2000
   60.5000
   55.4000
   50.2000
   43.0000
   37.3000
   34.8000
   31.3000
   41.0000
   43.9000
   53.1000
   56.9000
   62.5000
   60.3000
   59.8000
   49.2000
   42.9000
   41.9000
   41.6000
   37.1000
   41.2000
   46.9000
   51.2000
   60.4000
   60.1000
   61.6000