   728
   668
   679
   662
   653
   656
   631
   669
   675
   646
   648
   638
   671
   662
   656
   667
   698
   654
   645
   680
   689
   703
   697
   700
   701
   684
   719
   743
   750
   748
   739
   709
   719
   748
   735
   732
   738
   723
   712
   688
   695
   705
   707
   695
   705
   668
   649
   655
   702
   660
   673
   673
   675
   622
   661
   642
   670
   662
   676
   637
   623
   669
   627
   627
   666
   665
   640
   628
   707
   702
   708
   733
   729
   679
   660
   691
   717
   681
   698
   710
   698
   678
   721
   708
   698
   690
   671
   626
   585
   642
   578
   545
   574
   539
   519
   532
   555
   534
   562
   532
   521
   511
   482
   506
   568
   545
   564
   536
   529
   516
   524
   514
   522
   473
   506
   490
   445
   501
   507
   512
   481
   461
   474
   467
   509
   516
   527
   505
   474
   461
   412
   450
   503
   505
   504
   492
   481
   467
   491
   508
   507
   505
   512
   504
   475
   506
   495
   493
   467
   490
   462
   451
   453
   487
   469
   464
   504
   481
   445
   487
   503
   488
   490
   454
   449
   420
   478
   474
   481
   475
   467
   480
   442
   454
   482
   470
   475
   453
   521
   421
   441
   472
   450
   480
   446
   433
   428
   469
   491
   474
   504
   484
   461
   431
   492
   483
   471
   498
   481
   486
   435
   497
   464
   487
   494
   476
   474
   449
   480
   454
   471
   475
   450
   475
   441
   476
   481
   466
   466
   467
   466
   433
   448
   475
   465
   464
   455
   410
   412
   451
   472
   432
   461
   475
   444
   435
   442
   444
   457
   474
   468
   442
   436
   444
   459
   486
   481
   474
   450
   433
   498
   499
   494
   491
   481
   480
   452
   468
   455
   495
   498
   511
   483
   449
   500
   497
   507
   502
   502
   503
   460
   488
   480
   506
   523
   559
   522
   504
   551
   529
   530
   536
   514
   519
   502
   565
   538
   550
   553
   547
   549
   505
   556
   562
   586
   567
   597
   584
   600
   640
   674
   636
   643
   645
   635
   597
   634
   649
   641
   636
   645
   629
   603
   666
   699
   657
   685
   675
   652
   626
   666
   663
   669
   693
   715
   700
   669
   694
   685
   699
   714
   684
   709
   659
   718
   715
   748
   736
   723
   740
   669
   721
   764
   759
   756
   760
   758
   719
   750
   704
   711
   702
   716
   704
   658
   686
   711
   703
   712
   703
   711
   682
   709
   697
   716
   752
   702
   677
   718
   738
   703
   740 
   743
   735
   679
   747
   740
   758
   762
   753
   738
   692
   780
   780
   789
   800
   779
   723
   702
   784
   792
   786
   776
   785
   762
   738