0:30	1:00	1:30	2:00	2:30	3:00	3:30	4:00	4:30	5:00	5:30	6:00	6:30	7:00	7:30	8:00	8:30	9:00	9:30	10:00	10:30	11:00	11:30	12:00	12:30	13:00	13:30	14:00	14:30	15:00	15:30	16:00	16:30	17:00	17:30	18:00	18:30	19:00	19:30	20:00	20:30	21:00	21:30	22:00	22:30	23:00	23:30	24:00
728	738	708	686	653	650	640	621	619	604	603	586	547	530	515	516	523	520	553	558	553	612	569	614	612	588	629	613	605	611	611	592	614	614	642	643	641	654	665	671	650	638	634	636	627	644	643	659
668	662	644	636	613	603	598	601	606	609	616	607	610	616	614	613	594	636	652	685	698	672	678	679	711	703	703	697	714	689	710	688	719	710	704	693	687	710	707	722	688	667	635	639	645	649	639	663
679	668	649	624	600	588	594	593	582	585	582	576	558	559	534	531	561	589	617	610	634	643	645	655	657	670	683	677	674	656	667	655	684	676	678	688	687	718	718	705	675	651	633	634	648	629	622	637
662	653	629	604	606	593	575	573	573	573	580	575	557	527	509	525	541	571	581	609	631	642	625	618	623	624	609	609	602	598	621	619	629	638	645	647	646	658	657	678	646	651	637	620	632	614	606	636
653	629	624	610	602	599	585	576	573	585	613	610	616	601	585	616	603	662	663	691	676	683	669	696	691	694	695	691	695	690	693	684	717	724	711	698	694	703	704	708	685	656	635	638	637	643	619	637
656	640	638	607	595	589	584	584	587	593	601	577	555	548	533	536	543	577	591	602	620	630	625	644	643	661	666	654	643	648	636	643	669	664	665	664	657	690	687	711	673	643	633	632	613	619	611	635
631	642	622	621	601	598	582	571	578	581	610	643	673	669	665	656	671	676	675	687	673	677	686	693	689	702	706	695	731	701	706	716	755	747	756	761	741	760	771	763	727	693	660	647	660	642	646	657
669	675	639	634	630	620	616	609	605	620	650	689	691	726	696	701	703	711	719	712	733	728	706	725	713	722	735	717	727	721	707	718	739	739	756	764	740	750	755	757	717	698	681	650	665	641	634	666
675	659	647	633	634	623	613	628	621	607	648	667	694	718	708	754	722	726	750	741	752	739	725	749	731	746	748	736	734	726	728	740	764	765	766	744	726	734	742	741	730	714	662	647	659	645	645	669
646	666	651	646	627	627	607	609	596	596	609	591	588	584	578	604	594	623	650	657	692	704	675	694	705	716	721	708	715	714	689	695	675	731	705	726	701	725	708	716	698	667	662	657	671	659	649	665
648	650	654	621	604	598	590	583	564	575	574	556	526	537	534	545	543	578	600	632	660	659	661	647	644	641	654	651	653	648	624	628	651	635	661	673	664	690	670	702	654	649	625	623	626	613	601	622
638	628	612	610	589	586	593	590	590	583	643	662	708	705	712	711	693	712	755	742	748	746	734	733	760	756	762	751	738	724	735	728	729	738	744	742	716	751	747	744	706	695	655	637	648	638	623	653
671	659	639	620	618	607	600	624	602	617	638	667	704	711	723	722	732	736	739	751	750	734	720	724	750	755	749	733	745	722	715	718	774	772	769	747	754	775	769	750	729	719	680	668	671	640	620	676
662	665	658	658	628	617	615	628	621	628	652	677	715	721	735	733	760	730	745	739	733	727	721	725	747	733	724	731	727	714	723	734	755	739	753	753	754	773	769	743	722	697	666	650	664	654	633	645
656	654	638	629	607	604	609	610	610	617	655	683	700	727	727	730	729	728	744	732	741	736	730	745	723	753	760	731	747	732	732	735	720	750	764	743	741	771	751	745	722	697	684	667	663	660	665	648
667	661	650	638	624	626	621	633	624	651	658	690	721	741	717	733	738	752	769	759	766	771	773	756	772	777	774	761	763	755	734	755	753	761	751	760	725	746	737	760	736	692	669	685	683	681	662	676
698	696	664	659	629	635	613	615	611	596	602	605	596	579	567	573	596	628	655	652	673	687	680	674	711	706	708	695	701	689	677	674	712	711	719	725	696	715	716	730	697	671	656	662	672	644	627	647
654	666	627	647	585	614	571	598	568	596	580	575	559	545	552	551	559	583	596	626	637	633	616	614	617	605	613	620	614	591	602	574	604	633	659	672	655	676	682	665	648	641	633	638	622	633	619	639
645	654	632	618	593	614	596	589	585	599	639	665	692	724	728	725	738	758	762	761	761	750	746	747	765	770	775	760	771	736	748	736	743	745	762	770	733	753	769	764	737	684	665	646	648	653	634	669
680	691	672	645	639	637	629	628	620	630	641	663	708	735	732	723	691	714	720	720	758	734	724	726	758	780	747	758	766	739	732	730	745	760	749	732	740	769	752	763	734	716	680	678	660	647	639	637
689	679	657	650	641	640	631	614	622	648	651	672	687	731	727	722	708	724	749	757	738	741	754	748	757	772	768	760	770	761	760	751	770	783	794	774	770	775	772	773	744	706	684	669	666	660	646	675
703	678	659	666	630	633	619	627	649	650	669	691	722	757	762	758	734	752	794	773	782	771	754	763	779	775	780	766	785	765	748	758	763	767	738	770	764	784	765	781	724	718	709	680	680	658	650	689
697	684	667	674	641	635	630	637	656	657	673	693	719	739	732	738	715	729	744	745	745	740	711	718	723	739	736	717	712	707	715	698	732	761	776	769	750	776	767	754	735	700	691	682	689	674	671	681
700	688	666	655	647	649	635	623	624	634	618	616	614	594	604	592	595	633	663	670	693	687	679	687	695	701	701	694	684	683	669	655	675	678	742	737	724	732	746	750	700	709	680	697	689	675	665	690
701	687	676	659	635	630	630	622	620	613	603	595	576	575	573	578	571	603	631	688	663	676	665	641	651	651	650	651	641	625	619	615	635	652	685	689	689	718	714	730	684	690	674	666	653	652	644	675
684	688	663	662	651	635	640	650	664	677	692	725	747	777	759	776	745	765	783	756	803	790	778	789	749	784	774	753	773	755	718	724	751	764	782	786	783	803	780	776	767	745	710	714	697	693	672	698
719	725	707	687	683	685	685	683	699	704	702	727	793	764	753	755	738	740	752	767	783	764	751	757	762	765	745	744	723	725	717	696	719	757	795	806	755	767	791	806	791	753	712	685	702	678	668	717
743	734	732	705	707	699	687	687	691	698	714	751	774	798	785	785	753	788	787	779	809	783	800	798	799	798	819	752	814	797	782	767	798	798	831	810	796	782	814	830	784	754	737	710	715	710	714	729
750	745	693	712	707	714	692	700	696	704	705	739	767	789	773	770	755	767	783	773	783	770	750	764	774	770	756	771	754	743	737	702	724	765	816	797	781	793	813	801	765	751	727	727	716	717	697	728
748	718	716	697	701	686	700	691	699	703	730	740	762	788	777	775	755	769	801	786	802	790	779	785	797	793	774	793	781	767	749	732	778	775	809	798	782	798	779	782	778	732	720	730	723	702	701	716
739	735	710	702	688	687	686	687	664	658	660	638	620	606	607	607	620	644	668	672	694	729	717	718	732	727	731	723	723	702	704	676	685	690	742	724	733	769	732	764	733	711	713	699	702	686	682	708
709	693	679	675	660	647	641	662	641	627	626	605	580	576	572	586	594	624	639	647	673	673	657	657	655	657	669	669	659	637	621	614	612	643	715	684	697	711	709	731	708	686	697	679	691	681	680	701
719	712	700	699	686	693	695	703	702	703	733	733	749	738	762	760	742	784	768	772	778	747	742	794	798	796	773	785	787	773	753	741	742	784	772	786	815	823	802	815	784	763	736	715	709	713	717	736
748	746	731	735	719	711	698	706	729	710	730	769	774	794	794	777	781	773	791	789	816	816	786	794	823	827	784	786	809	792	782	773	780	773	817	787	797	806	796	804	782	749	731	715	712	709	707	730
735	743	732	717	707	701	699	702	704	719	721	741	780	767	763	772	745	766	777	787	769	762	748	750	772	770	772	737	764	734	728	704	740	771	777	786	796	822	798	807	794	757	729	717	709	711	696	712
732	726	725	706	713	711	715	714	706	720	735	744	758	779	752	734	728	738	751	737	762	745	725	734	745	758	752	733	721	704	681	685	725	746	795	782	781	810	799	810	761	749	720	713	699	694	695	713
738	744	722	720	704	690	681	695	709	696	719	747	771	780	753	741	738	746	755	758	763	757	727	748	755	752	772	759	779	761	761	736	714	727	785	779	781	802	773	784	753	731	712	684	707	689	692	714
723	719	714	699	682	677	671	671	673	643	646	648	623	605	604	607	602	642	684	694	697	720	722	713	709	712	724	718	710	697	651	645	655	679	704	732	735	756	732	751	724	717	701	700	692	687	692	693
712	718	705	690	674	667	669	653	637	627	630	606	573	574	567	574	590	619	660	656	674	686	681	680	668	668	670	668	662	641	645	599	613	635	691	698	691	719	729	724	678	676	672	671	653	646	646	657
688	681	673	665	660	653	659	641	656	667	714	743	754	764	781	731	710	742	746	725	705	708	704	709	728	709	758	744	748	729	734	709	727	720	779	773	774	800	775	769	746	726	675	665	678	656	657	692
695	681	657	669	672	641	626	640	643	656	692	723	752	769	751	745	727	728	754	729	749	740	741	725	740	738	744	721	727	701	711	694	699	734	774	763	747	797	773	783	752	711	705	682	693	685	664	694
705	698	700	687	659	670	676	672	699	702	715	729	754	749	750	750	748	734	730	744	740	749	718	692	723	718	701	695	690	670	670	662	692	711	763	765	750	776	762	783	758	729	703	694	684	673	655	691
707	698	705	673	664	656	647	667	658	665	684	715	724	750	738	722	717	716	724	725	730	723	704	714	743	750	746	725	729	711	707	698	703	709	758	743	765	767	768	759	744	710	680	659	679	662	662	683
695	682	666	640	641	637	649	648	653	656	676	691	715	732	708	715	708	729	735	734	738	737	721	737	732	752	782	738	745	707	682	692	706	707	720	740	738	744	754	750	703	713	662	665	673	659	690	688
705	687	660	650	644	625	621	595	603	602	608	599	589	577	598	604	603	632	673	677	688	688	674	686	699	696	714	705	721	683	670	669	658	651	701	704	699	722	723	720	693	680	669	667	659	644	646	665
668	653	637	623	603	599	590	582	573	590	572	555	539	534	550	553	549	585	591	619	604	629	621	612	622	605	642	633	632	612	604	585	580	595	642	643	654	677	687	674	668	657	639	635	621	605	603	625
649	646	629	630	596	619	586	583	588	606	620	655	689	706	710	704	693	706	725	711	716	705	696	715	725	733	715	679	687	690	669	654	673	701	731	716	716	747	722	721	697	667	637	630	625	614	604	628
655	621	612	611	602	621	598	608	601	595	602	632	662	699	715	671	685	723	745	711	725	734	690	708	721	729	726	695	717	725	697	681	710	678	746	744	749	770	761	759	734	715	675	658	647	686	656	671
702	698	672	659	665	655	630	637	633	672	674	715	708	747	709	711	725	719	738	742	725	729	707	715	738	746	750	712	728	709	709	698	711	720	734	751	759	782	760	773	729	707	647	660	659	643	648	658
660	661	644	642	600	616	603	623	634	607	674	673	683	703	698	678	681	690	705	689	696	687	729	692	718	719	742	720	718	731	672	662	688	664	764	753	759	791	780	786	727	705	696	679	653	644	655	654
673	664	663	656	635	621	630	623	632	644	669	693	667	691	710	710	672	702	692	683	687	676	657	646	686	701	705	674	674	663	687	656	678	654	717	730	725	757	763	752	715	695	685	656	687	670	638	659
673	687	665	641	649	630	601	604	601	606	599	596	568	569	576	597	609	618	658	655	619	637	628	654	619	649	662	679	661	636	642	612	609	611	683	718	721	739	746	737	705	666	658	665	634	656	670	662
675	658	646	624	600	609	600	604	590	600	599	553	535	540	566	544	569	623	602	611	584	593	611	625	622	621	591	591	577	574	580	569	572	605	601	621	647	687	674	688	652	644	615	616	605	601	597	613
622	631	610	594	597	593	578	580	599	600	644	656	671	694	716	705	712	702	708	700	687	695	635	652	679	693	684	676	677	673	673	666	670	658	752	744	747	760	740	752	732	692	641	648	636	640	626	640
661	651	628	625	627	605	596	587	595	597	616	645	669	665	670	668	661	658	665	660	656	649	645	654	677	681	668	650	653	665	648	653	655	674	731	736	732	752	734	733	712	686	651	653	638	630	617	624
642	646	644	623	599	598	597	604	605	617	648	666	666	697	705	681	682	689	696	677	675	660	668	652	689	686	671	665	673	660	636	630	628	650	688	729	730	742	754	755	716	691	651	649	644	629	627	633
670	666	636	639	629	610	608	601	608	617	625	655	678	690	697	690	696	706	722	713	705	699	685	685	691	701	688	675	676	658	657	656	657	651	714	739	736	758	742	751	718	694	655	626	652	635	632	653
662	645	640	623	600	602	613	594	605	612	650	681	689	700	698	699	705	710	705	685	710	669	671	677	679	698	673	656	671	654	647	633	649	642	695	725	728	749	735	733	709	679	666	626	643	634	634	663
676	639	621	607	600	592	577	578	567	553	561	523	532	528	542	563	582	596	595	616	617	613	626	630	638	654	623	618	609	598	589	602	602	595	666	703	697	728	728	716	681	668	647	639	645	633	610	627
637	640	610	596	579	560	570	557	553	539	565	534	514	518	545	549	568	574	607	605	616	628	615	609	609	617	625	613	605	591	576	569	537	523	599	628	649	661	657	668	641	634	625	611	615	615	597	624
623	634	617	618	596	594	597	591	599	598	626	651	659	689	686	684	700	698	700	684	667	637	666	677	681	700	694	671	669	663	663	659	689	684	708	752	731	761	764	757	716	696	676	674	670	645	649	669
669	661	648	648	621	616	620	642	651	640	670	688	700	712	706	701	694	711	699	695	674	669	659	663	663	697	685	679	694	679	663	664	661	668	687	711	711	721	720	703	683	677	652	625	621	598	600	623
627	632	623	601	596	586	581	583	592	602	635	620	625	669	664	664	655	668	667	667	655	649	651	658	652	668	667	651	651	647	602	624	597	642	651	706	706	730	689	683	670	636	595	575	596	590	590	610
627	598	578	568	562	527	527	491	563	572	605	612	638	652	672	670	679	674	675	696	702	717	706	729	733	730	747	730	726	700	692	705	710	723	703	736	725	747	765	739	717	689	672	649	659	647	650	658
666	657	646	646	631	627	613	609	627	638	660	662	668	691	682	694	679	693	698	686	680	679	673	677	678	698	704	685	689	673	682	687	689	665	675	719	706	731	729	719	695	684	670	654	663	674	642	658
665	668	653	640	616	609	600	596	614	604	580	565	559	563	560	583	600	613	650	636	636	635	623	658	655	688	669	659	651	673	646	638	624	622	655	675	691	709	716	693	659	658	643	641	640	618	617	640
640	627	635	619	598	565	564	574	569	553	552	513	512	530	559	553	550	569	597	613	588	619	602	612	602	609	619	599	590	559	556	553	541	533	570	608	636	653	656	634	631	642	623	607	608	604	600	607
628	602	603	585	576	547	553	556	556	564	597	611	637	675	669	688	724	749	743	740	736	747	736	742	775	739	739	728	743	741	726	733	731	709	743	742	748	751	755	741	738	718	700	665	673	666	644	676
707	684	670	662	653	660	654	659	638	653	671	664	671	692	712	699	703	753	759	737	741	741	703	724	705	723	751	716	735	707	679	686	696	664	672	736	733	753	756	750	731	722	711	706	698	685	668	710
702	686	694	700	677	665	651	666	662	653	681	668	699	716	727	714	733	734	760	748	728	772	745	755	749	760	755	741	739	728	693	715	723	705	709	757	741	784	767	751	742	730	707	675	647	685	665	697
708	715	686	681	666	659	631	651	646	649	657	650	659	689	720	692	695	707	729	722	708	731	737	730	745	738	746	724	701	687	704	707	676	692	691	728	729	743	758	729	690	709	700	675	686	675	675	683
733	719	676	668	672	636	640	630	641	644	669	648	680	685	684	694	693	714	706	707	703	746	737	736	743	762	746	733	727	709	683	685	648	654	657	711	722	722	737	734	708	714	693	678	696	692	674	700
729	711	690	679	674	667	658	646	641	624	622	605	582	580	594	605	621	627	628	660	653	712	689	687	686	683	696	696	671	665	641	671	660	659	663	668	726	753	738	744	705	726	707	681	674	674	671	684
679	672	661	633	631	633	633	614	627	616	617	596	566	574	572	580	588	601	626	628	642	648	651	645	631	637	643	617	637	617	600	613	599	585	563	619	640	651	692	671	657	658	647	653	642	638	623	648
660	655	655	654	641	637	629	629	632	636	668	664	665	700	688	698	715	707	729	713	745	724	696	708	727	743	721	708	711	718	680	698	677	687	705	723	751	785	751	753	718	705	693	685	672	664	656	697
691	697	696	671	677	649	652	676	675	677	676	702	712	710	714	725	727	733	725	722	719	716	709	691	722	723	731	698	705	683	690	688	685	657	671	710	749	772	774	774	740	722	720	688	694	686	680	699
717	723	694	685	664	676	665	656	660	689	694	678	713	732	756	730	731	741	725	709	697	719	689	684	684	705	701	704	704	689	696	679	684	678	676	675	711	729	733	721	697	689	673	660	672	675	637	673
681	697	668	653	643	632	621	625	639	633	673	660	664	727	697	712	691	733	714	701	690	693	682	673	703	725	721	712	702	689	709	711	717	673	686	699	726	753	762	740	695	729	712	681	710	670	672	698
698	694	695	666	668	654	664	646	655	665	665	658	648	698	724	713	701	706	687	674	673	687	708	692	703	757	762	726	722	716	692	697	683	671	679	715	728	760	752	737	730	708	681	675	704	693	695	698
710	705	694	672	657	644	646	629	641	587	618	610	621	602	598	618	611	624	663	655	659	688	684	689	710	699	708	697	704	700	668	674	690	635	640	667	717	737	731	725	707	706	687	679	689	676	661	689
698	683	669	671	652	642	627	622	605	609	586	574	567	539	580	579	587	621	622	640	647	663	659	657	650	666	668	666	658	638	634	614	624	590	607	639	652	707	707	696	655	683	665	664	669	656	657	671
678	691	677	659	660	636	625	632	650	650	655	671	685	695	710	707	714	724	718	733	704	714	687	712	722	736	729	702	689	679	665	671	677	663	660	693	725	758	747	745	717	704	699	662	676	678	664	709
721	708	708	695	659	659	653	658	658	648	659	672	685	689	698	683	724	730	734	712	691	708	718	728	741	772	764	753	743	704	697	717	707	692	694	726	752	764	768	742	735	724	713	698	699	677	691	706
708	717	694	691	678	676	681	680	667	672	674	680	696	713	717	720	731	738	732	741	725	731	721	740	759	767	754	724	747	718	696	713	684	682	712	715	724	758	748	750	716	726	705	681	682	681	674	702
698	707	697	682	657	649	651	655	661	673	669	670	699	730	719	717	721	727	733	724	718	697	698	705	699	733	726	719	705	689	700	700	675	646	661	713	754	767	760	737	733	717	701	678	683	665	672	705
690	697	678	665	653	639	640	649	650	647	662	661	684	666	668	669	687	680	683	660	668	646	648	652	660	685	691	698	688	654	656	655	649	641	650	685	724	730	723	740	700	689	659	658	672	645	651	659
671	688	649	627	627	620	624	608	618	611	587	602	587	591	604	614	641	652	673	666	686	681	675	692	679	705	693	680	686	661	656	656	633	640	664	691	705	734	737	723	709	709	675	670	661	647	639	657
626	634	676	656	650	634	611	604	605	600	608	588	586	575	562	555	552	554	573	592	615	649	622	626	602	598	599	599	612	609	595	583	567	561	560	563	545	580	639	671	653	663	643	620	613	606	598	593
585	620	625	606	610	602	589	573	601	636	634	666	703	693	705	691	701	709	688	707	694	692	672	679	672	668	660	656	682	676	658	643	630	626	631	634	627	633	694	735	721	716	679	661	647	632	654	650
642	664	653	649	641	626	618	624	621	633	660	662	701	721	697	670	671	680	692	676	673	669	661	657	660	662	642	641	657	625	651	656	637	618	619	618	606	642	686	717	696	661	645	626	606	595	591	585
578	608	616	618	597	588	579	592	605	629	639	645	694	661	650	641	650	635	641	657	633	629	613	629	618	619	603	616	618	610	589	589	581	590	569	558	562	592	641	673	665	660	631	594	583	584	563	567
545	568	585	576	581	574	553	552	555	577	577	594	649	666	673	664	641	641	634	641	629	628	606	597	608	609	599	574	616	619	612	609	619	592	580	591	579	621	641	703	693	654	643	619	590	592	575	563
574	597	594	578	571	571	560	561	569	562	576	610	650	697	671	663	641	640	639	623	605	622	633	621	582	601	561	558	574	580	597	574	572	575	569	567	562	573	606	626	644	647	615	620	621	598	559	544
539	553	530	542	506	514	521	517	517	502	523	509	507	508	514	539	552	514	527	572	575	592	569	589	586	565	582	579	574	559	580	535	571	554	556	565	541	572	616	651	649	611	591	590	599	595	552	545
519	552	537	534	539	519	522	516	524	514	517	462	495	484	493	506	511	520	517	536	535	569	562	527	545	558	513	539	536	538	531	539	514	516	502	498	491	512	574	586	613	594	564	545	555	540	535	521
532	534	556	543	536	537	512	507	523	531	559	572	657	664	648	662	663	672	670	676	673	660	646	670	644	647	632	634	665	629	668	643	625	620	637	622	598	630	665	682	657	650	605	586	574	581	582	566
555	591	600	570	541	544	539	551	546	531	571	591	620	641	636	615	634	634	638	642	626	633	619	620	607	659	611	620	626	623	598	611	600	598	609	618	599	595	662	674	674	644	611	581	565	561	562	564
534	539	544	546	535	545	524	522	537	538	557	555	585	614	624	627	623	637	616	650	619	634	637	615	604	592	592	604	603	596	592	585	551	584	555	565	555	586	633	684	668	647	638	613	606	589	577	590
562	576	577	569	541	536	544	553	543	547	554	562	604	630	653	623	626	638	649	641	641	650	645	643	635	615	598	598	624	605	626	607	599	602	578	579	576	607	634	646	642	632	609	591	590	566	558	543
532	548	545	532	520	506	505	497	505	506	486	472	482	488	487	480	504	508	516	536	545	574	560	551	574	571	561	571	577	570	564	558	535	522	531	509	502	520	567	609	617	592	592	589	563	548	529	508
521	544	526	518	509	499	490	484	496	490	491	482	507	505	520	532	534	527	542	559	556	576	572	559	559	562	555	564	566	550	536	532	500	506	509	514	492	508	550	610	597	592	590	576	574	563	542	532
511	515	519	510	487	474	469	470	474	484	462	453	461	475	470	468	464	455	472	489	490	490	486	486	497	505	514	507	484	510	487	477	471	464	464	461	448	476	516	555	559	574	545	529	523	517	524	500
482	494	499	499	473	462	475	462	474	465	474	460	465	462	476	506	498	480	487	501	514	526	507	515	511	512	515	530	531	529	523	513	495	518	486	477	490	501	540	581	574	564	566	544	549	523	512	514
506	520	526	520	525	520	480	495	512	531	531	553	598	622	612	627	624	622	656	649	639	642	639	635	622	635	599	605	627	613	615	614	616	613	610	590	575	602	630	679	669	661	627	610	598	585	576	565
568	567	579	580	575	561	555	559	565	580	583	614	656	669	673	655	646	643	637	632	620	621	610	602	620	614	623	613	606	609	613	615	602	594	595	594	570	591	641	688	681	642	629	612	601	579	566	566
545	568	567	563	564	547	531	534	540	557	559	605	630	675	667	689	660	638	639	645	635	623	608	607	606	611	618	578	603	614	606	596	581	587	590	605	575	588	615	666	661	649	627	610	592	593	572	561
564	582	589	570	557	557	532	533	548	539	565	588	613	642	637	640	637	629	629	621	598	631	618	616	610	617	602	599	616	616	629	612	621	598	586	584	585	586	593	659	666	623	587	586	578	595	550	556
536	565	562	553	524	529	517	528	489	487	493	498	491	510	528	518	531	525	547	566	576	590	577	596	584	581	583	581	611	592	593	600	599	589	582	577	549	569	585	619	613	620	583	589	586	571	570	573
529	553	564	551	528	513	498	495	493	495	455	462	483	482	495	506	511	521	543	563	545	582	561	544	543	538	537	542	544	542	517	532	518	497	514	491	510	521	558	605	598	602	572	539	537	547	532	497
516	526	540	536	511	518	501	504	483	526	531	585	621	644	651	675	689	645	637	636	637	668	651	648	638	628	650	619	657	629	636	633	614	595	594	571	567	591	613	629	644	634	591	588	573	550	530	531
524	572	546	539	506	509	518	532	523	543	553	592	626	645	638	644	652	628	644	663	613	627	607	605	619	601	613	627	639	626	618	617	590	585	587	579	578	590	603	643	639	615	594	572	565	559	527	520
514	549	561	543	538	513	525	516	516	514	536	557	610	620	608	603	597	603	593	579	587	576	577	581	567	569	556	556	573	580	565	546	554	567	528	526	531	529	558	617	621	624	590	561	563	551	545	538
522	543	533	534	509	504	490	490	501	514	526	556	604	611	624	611	597	584	592	592	568	566	558	552	552	552	567	535	543	542	522	507	503	505	491	499	504	504	519	574	616	617	569	527	524	520	509	507
473	513	486	482	479	468	466	458	490	498	492	523	563	594	596	592	566	584	598	574	531	563	530	545	553	556	559	563	573	549	528	544	526	528	536	522	531	551	555	606	644	652	609	570	559	533	509	521
506	521	523	525	524	479	479	488	494	450	463	476	475	510	510	514	509	521	524	559	532	541	522	530	524	543	529	542	544	547	533	512	493	515	530	511	514	543	555	605	614	611	615	570	544	486	494	494
490	497	489	477	486	480	474	457	459	462	417	430	450	473	476	477	488	519	509	532	554	540	523	511	505	517	509	505	507	493	498	476	476	467	432	445	437	468	495	535	563	549	544	512	491	475	463	447
445	453	469	468	454	445	434	437	447	444	459	504	561	580	594	607	613	615	593	595	582	582	583	566	571	582	558	565	590	557	563	551	548	537	548	548	515	522	523	590	609	603	575	546	541	530	513	503
501	497	498	492	482	459	473	468	466	465	483	509	570	592	588	605	576	582	568	571	564	555	528	541	536	521	532	525	564	572	555	541	527	542	504	491	500	557	575	634	677	594	614	563	524	513	493	500
507	520	501	503	467	453	452	466	473	478	507	538	563	628	603	592	563	555	576	552	584	556	537	547	535	541	529	502	529	501	500	502	524	516	510	490	512	532	543	576	629	614	575	571	555	543	516	491
512	514	523	496	487	480	457	451	450	461	502	509	544	575	573	584	581	574	571	564	554	558	501	528	541	503	539	509	536	508	541	519	509	500	517	517	503	500	518	545	609	594	546	553	559	509	500	489
481	491	484	475	448	453	443	433	423	416	409	413	422	438	445	455	469	456	482	506	492	502	492	483	495	494	487	494	495	497	477	478	481	467	460	452	449	469	480	506	535	549	538	523	517	508	476	459
461	491	487	475	462	465	445	428	445	425	417	420	445	464	472	506	483	498	511	530	523	540	565	542	543	554	550	545	547	554	529	532	530	527	536	536	535	541	565	565	591	590	579	570	547	514	516	506
474	484	486	468	467	457	451	431	431	440	429	424	458	464	475	479	497	489	502	511	519	540	530	509	495	492	481	480	481	489	479	476	469	445	455	471	459	480	493	513	553	557	538	522	517	506	483	475
467	487	478	477	470	456	474	469	464	469	484	504	565	614	613	635	652	642	659	660	646	643	641	662	677	639	647	639	660	644	644	606	628	604	602	589	575	589	604	650	628	606	580	567	552	543	515	512
509	537	528	533	498	510	500	512	495	488	521	548	614	636	620	642	628	631	614	629	629	622	629	624	633	625	620	624	646	633	628	623	617	630	596	578	590	586	570	614	635	640	610	583	601	590	562	539
516	549	549	550	530	519	512	510	519	500	535	562	605	637	648	635	639	620	627	629	613	625	609	599	620	620	592	615	601	581	570	579	576	558	563	572	566	554	592	608	647	653	606	588	598	588	556	544
527	552	538	533	572	522	506	500	498	518	507	556	591	600	619	608	621	610	617	609	594	591	595	588	575	577	580	536	549	545	545	550	538	534	521	519	534	527	517	554	578	587	588	566	566	548	534	510
505	502	493	491	484	476	470	456	444	438	445	428	411	460	444	458	458	475	505	507	518	488	501	511	493	485	473	507	518	494	492	488	472	461	453	447	464	459	474	499	549	541	553	551	524	517	499	506
474	497	494	490	465	448	453	459	443	430	411	433	434	436	462	467	470	472	484	494	504	501	510	501	507	507	515	524	500	493	508	488	482	475	462	462	470	478	501	528	546	570	571	538	545	527	499	477
461	483	477	466	449	448	425	429	412	399	410	413	423	429	440	445	466	474	476	486	477	494	481	474	472	460	427	438	443	441	417	419	419	407	419	416	434	432	453	459	507	519	510	492	489	484	454	439
412	449	450	431	423	399	404	413	415	410	437	459	512	544	560	545	571	579	566	570	572	566	545	558	549	553	556	508	531	533	522	519	522	512	524	520	503	500	528	549	567	577	553	544	516	499	483	479
450	484	473	472	450	435	451	442	427	434	439	462	531	561	563	560	573	574	577	568	543	559	568	551	584	563	540	560	560	553	556	554	524	521	522	536	521	539	548	560	581	599	569	554	546	519	512	508
503	502	515	502	478	470	454	457	467	477	473	500	543	565	570	569	596	587	605	586	589	570	566	561	524	578	568	535	543	585	553	522	552	553	553	553	568	540	535	559	574	606	573	541	535	513	498	488
505	501	496	474	468	459	451	452	449	442	471	476	549	577	585	592	580	587	578	606	601	553	560	562	554	557	550	565	574	537	554	547	526	501	512	495	509	518	519	544	564	581	562	546	546	518	500	499
504	491	480	480	459	448	457	443	447	446	462	477	529	590	566	558	569	583	579	576	556	572	605	571	592	574	573	558	558	579	547	551	571	558	548	544	556	533	565	539	564	580	577	545	558	518	511	493
492	487	485	484	464	465	446	438	442	426	432	431	440	459	463	487	522	533	516	534	554	575	558	548	546	546	537	566	538	542	515	560	553	548	505	495	486	526	523	568	562	585	573	577	529	523	529	490
481	472	488	461	477	462	450	436	439	428	425	425	437	466	478	464	452	510	530	545	545	564	571	542	536	523	498	509	510	534	511	537	567	513	488	493	495	520	528	554	561	561	565	539	522	507	497	483
467	475	489	489	467	459	455	452	450	453	467	471	582	607	606	599	648	628	631	623	628	640	631	635	619	634	607	581	613	588	608	565	567	555	588	583	565	570	577	618	615	625	610	561	582	537	533	523
491	517	521	512	521	510	485	476	483	473	516	547	606	658	630	644	618	604	666	659	649	630	635	658	578	625	633	629	633	642	631	629	613	605	601	577	572	574	591	594	589	606	598	557	540	537	522	497
508	527	505	517	491	490	485	481	479	484	482	534	577	623	609	617	604	619	616	613	616	600	584	584	589	586	582	571	564	540	574	569	583	561	590	600	580	570	593	597	601	616	585	559	564	556	529	501
507	535	534	519	506	500	478	479	474	467	506	523	571	589	606	596	577	588	589	598	573	570	573	574	564	578	553	563	561	558	538	543	542	539	529	532	534	526	532	537	557	581	564	571	557	554	520	501
505	512	516	521	502	481	477	450	466	449	486	521	554	575	609	599	600	598	600	618	613	602	621	632	620	614	604	577	602	595	574	557	581	553	534	547	530	530	552	572	609	612	581	574	569	541	550	524
512	529	522	511	496	487	479	473	453	450	444	458	475	482	484	505	534	546	549	544	553	557	574	565	573	560	557	552	560	566	554	548	541	542	558	542	543	543	566	576	590	635	629	605	579	541	529	520
504	505	518	510	500	493	487	481	466	465	451	464	477	481	474	496	513	503	521	534	533	534	544	536	511	516	492	518	505	511	501	490	488	474	490	496	486	492	492	522	537	570	547	548	554	529	517	486
475	492	489	474	468	468	461	454	452	465	501	524	583	608	644	607	647	647	641	639	610	623	609	611	619	614	611	604	602	606	582	567	568	553	567	559	537	556	547	578	589	593	602	550	565	577	548	511
506	529	510	501	489	470	466	467	459	465	500	523	585	609	605	608	618	611	621	604	604	594	579	600	611	577	557	542	565	559	550	519	522	527	529	517	515	525	535	550	559	581	581	579	558	528	516	510
495	507	503	495	480	468	459	449	447	451	474	504	541	595	589	579	587	573	578	581	563	563	562	565	557	565	552	540	563	555	546	527	519	511	508	500	492	486	507	527	537	580	585	535	523	500	518	500
493	499	501	505	459	454	455	451	438	440	457	501	529	573	584	577	595	587	585	580	567	566	570	574	567	560	552	504	550	547	556	568	536	533	527	508	510	510	517	539	538	584	577	550	549	528	519	498
467	488	480	470	457	450	442	419	419	442	435	484	518	550	540	539	551	551	559	555	544	548	557	565	557	552	539	535	536	546	519	509	518	508	523	501	501	503	498	519	501	555	567	538	550	537	510	527
490	503	487	474	460	431	424	418	423	423	414	419	435	437	458	466	495	483	498	517	501	508	514	525	497	506	497	514	525	509	508	490	474	481	470	464	467	479	489	506	512	528	547	555	542	524	504	482
462	447	466	448	452	423	421	411	387	371	394	398	430	413	448	453	477	477	484	498	492	499	507	486	457	480	456	451	478	451	452	440	437	430	437	435	455	470	454	471	493	508	510	503	474	463	447	442
451	460	441	440	429	420	416	403	405	408	424	448	507	525	558	543	560	550	559	563	553	550	558	562	561	564	542	516	538	524	520	513	519	531	502	525	528	527	521	533	523	548	535	522	496	486	481	471
453	474	465	446	453	455	440	448	436	420	434	464	517	571	575	569	579	599	580	580	574	564	554	569	548	561	548	534	541	543	527	535	536	529	532	515	515	513	525	543	549	569	586	556	542	522	490	472
487	488	495	476	458	461	435	460	421	439	449	475	519	562	586	579	568	571	569	577	589	578	576	568	563	588	559	541	556	549	539	543	542	534	534	516	505	504	510	509	534	567	558	553	522	510	496	478
469	461	454	460	442	441	433	416	407	406	444	461	514	528	552	548	553	578	592	545	559	554	552	556	559	558	542	548	559	558	552	553	543	547	555	556	551	539	552	562	562	576	578	540	528	506	500	499
464	476	490	477	471	447	441	457	435	431	447	484	511	562	563	591	564	586	587	593	564	564	554	552	566	561	558	550	541	543	554	553	541	543	523	521	509	503	517	539	529	561	573	552	551	513	506	489
504	505	495	480	461	434	444	426	427	404	407	435	434	449	469	479	487	493	512	506	514	530	527	511	514	525	517	524	518	495	491	487	478	478	482	470	475	477	487	501	511	544	567	546	545	522	506	491
481	475	470	459	441	431	437	420	417	408	413	404	417	446	465	483	477	482	496	520	516	509	497	497	479	476	474	476	474	461	469	472	439	429	437	440	421	433	448	456	469	512	521	503	505	482	467	449
445	473	479	432	430	429	417	417	413	424	452	474	518	537	557	580	599	609	587	570	567	572	571	581	586	574	574	545	573	549	557	552	556	532	511	522	534	532	538	535	551	576	583	550	552	523	501	490
487	470	483	477	447	446	442	441	442	428	443	489	531	564	573	598	598	610	607	598	604	597	588	579	576	591	596	563	581	575	581	582	568	563	543	552	546	550	558	574	565	567	580	580	574	561	530	525
503	517	507	508	488	477	462	475	463	455	463	492	548	578	585	604	592	601	614	613	603	622	615	600	590	595	575	572	598	594	581	586	564	570	542	557	538	549	557	538	562	590	609	580	574	534	526	499
488	491	490	484	483	477	460	451	461	451	460	496	534	560	567	583	580	582	588	583	563	572	571	582	585	591	573	559	590	577	565	560	563	563	548	543	526	538	539	550	557	562	560	546	543	503	486	494
490	491	491	474	464	450	444	438	442	442	451	472	540	550	565	546	575	567	567	567	569	556	548	573	606	555	521	526	527	527	528	521	516	508	510	493	509	519	512	530	525	532	546	548	526	518	512	480
454	477	480	464	452	434	428	435	404	408	444	422	431	465	456	473	481	494	519	495	500	508	525	524	510	506	498	500	496	495	504	488	472	469	487	469	472	488	464	492	510	515	534	517	524	503	480	475
449	441	447	418	417	411	393	384	374	382	385	379	389	401	427	419	443	445	473	477	500	511	503	482	483	484	479	464	458	478	458	462	444	435	456	437	455	464	470	492	505	498	509	497	487	473	445	445
420	436	432	427	408	411	413	414	411	401	408	456	481	525	542	555	556	546	578	570	577	564	557	565	559	553	543	518	565	551	524	524	537	520	511	520	505	518	504	506	515	549	563	541	550	529	497	484
478	497	490	482	462	449	445	456	434	437	459	473	514	555	573	583	583	609	592	580	574	577	560	549	570	581	555	527	541	543	533	544	518	520	531	516	523	513	529	551	537	557	522	535	531	522	487	490
474	493	479	464	452	453	447	427	434	430	436	481	538	545	555	568	581	593	578	575	576	570	568	578	568	578	549	540	567	549	554	549	551	539	538	535	525	541	535	549	560	572	552	555	527	519	510	494
481	487	462	453	452	440	446	432	439	426	453	470	520	546	559	560	586	582	586	582	576	565	576	575	578	577	576	563	561	562	550	548	543	523	537	533	525	534	524	522	515	542	581	553	545	514	511	505
475	521	456	455	446	452	441	426	443	448	451	481	537	565	577	585	569	574	579	568	588	584	566	563	569	561	542	536	555	551	559	535	530	535	539	536	541	523	534	540	543	543	545	532	522	509	506	488
467	477	484	467	453	441	430	419	392	386	405	422	424	437	452	471	469	482	503	514	511	537	534	535	526	537	524	543	545	518	520	500	502	499	483	476	479	477	502	511	500	517	541	537	529	517	482	477
480	478	440	443	440	435	419	400	389	389	399	417	429	430	431	465	471	483	491	500	509	508	505	489	482	481	480	469	454	460	479	452	451	449	459	444	426	447	469	462	462	483	521	518	489	497	480	463
442	446	453	446	421	420	410	395	396	419	425	453	516	562	551	577	585	570	597	567	564	573	564	560	567	560	561	533	553	554	533	534	536	537	536	529	535	534	537	512	546	569	567	539	548	516	499	464
454	455	458	460	444	452	432	426	428	430	450	472	534	559	572	581	578	574	584	575	570	568	563	559	566	556	530	551	547	550	548	535	536	541	530	546	515	532	549	535	534	537	565	559	548	518	506	492
482	477	474	470	463	460	451	450	464	424	451	474	532	569	580	567	586	604	579	573	575	574	573	589	572	563	558	557	546	559	561	541	523	515	527	526	513	515	528	537	542	540	534	534	529	509	483	472
470	473	472	464	445	419	416	396	416	426	429	470	515	526	544	567	587	582	572	587	573	572	567	570	566	565	557	538	553	555	555	528	525	522	517	517	522	533	553	546	545	542	556	535	540	516	495	494
475	488	481	460	443	429	423	415	424	425	433	485	542	567	561	577	571	569	577	579	568	566	568	558	564	566	564	560	548	540	536	517	517	525	507	508	515	503	530	526	526	532	549	535	547	525	500	467
453	452	456	428	404	402	399	397	383	386	389	400	424	446	441	455	476	497	513	515	513	523	511	505	515	519	498	488	507	506	486	488	488	490	470	485	480	494	491	504	508	519	539	536	530	497	466	468
521	467	464	446	425	406	394	391	387	377	379	376	397	420	435	440	461	472	477	481	466	482	467	464	430	419	422	417	436	411	392	397	376	366	390	393	386	431	416	445	443	473	479	463	465	444	435	427
421	413	424	417	397	399	396	392	392	386	415	400	441	483	513	505	513	520	537	512	518	524	514	512	514	513	509	515	506	494	500	514	501	497	509	496	498	484	497	494	486	530	533	507	505	491	466	455
441	465	464	449	437	419	406	408	409	405	412	443	498	503	529	548	551	555	559	557	543	546	557	557	552	548	544	522	529	527	519	512	499	506	511	506	492	512	506	485	493	513	544	561	556	526	509	510
472	490	483	465	459	456	442	430	432	443	437	456	504	539	550	543	570	584	569	574	565	564	572	568	568	572	561	548	568	562	542	537	544	532	531	529	519	531	527	533	550	545	565	557	542	522	519	489
450	457	471	451	465	459	455	448	440	432	457	455	488	516	538	549	530	567	566	561	567	567	552	574	556	555	549	549	548	550	557	544	543	531	530	543	511	524	531	534	535	533	554	555	562	527	487	484
480	507	485	453	461	460	457	448	444	448	460	465	486	527	547	556	560	560	561	573	547	567	574	583	573	565	559	540	563	541	542	522	521	513	524	515	502	495	506	506	504	526	525	524	505	517	494	489
446	464	440	432	431	400	398	385	407	397	396	402	407	422	435	444	465	484	500	488	520	555	510	497	532	545	544	520	503	506	498	507	505	498	496	505	473	491	491	522	512	519	544	526	529	506	485	460
433	446	439	430	412	410	406	405	388	384	391	394	401	421	421	436	437	452	476	481	499	519	504	492	480	476	479	476	468	464	447	432	444	429	454	457	436	460	480	484	476	486	504	490	478	468	451	449
428	439	438	432	422	417	418	413	415	421	429	456	494	532	532	562	566	567	578	573	578	568	578	568	572	579	547	546	545	536	545	506	526	511	513	508	494	496	506	523	526	534	541	523	529	497	490	468
469	489	469	452	424	430	431	426	415	418	433	449	459	513	544	553	555	573	575	564	562	545	559	596	578	567	551	538	550	542	539	535	525	509	521	526	512	520	519	537	549	545	557	535	543	526	508	494
491	465	467	457	466	456	447	435	432	429	436	480	506	521	545	569	565	574	581	567	566	569	578	580	583	587	577	551	570	552	552	568	543	545	539	526	520	531	558	562	554	543	549	527	529	507	498	484
474	478	470	462	436	439	438	431	423	418	430	480	560	554	552	559	582	609	586	593	597	610	605	597	595	597	581	592	592	592	573	573	573	555	567	570	540	569	566	550	550	559	554	544	555	544	498	519
504	504	501	483	501	458	456	446	452	452	458	489	500	563	574	567	583	587	600	579	589	573	593	579	577	569	555	533	554	550	552	514	519	515	500	528	518	527	529	513	525	530	547	542	543	529	513	494
484	498	485	478	453	436	441	410	411	399	411	407	421	424	447	451	476	492	515	515	504	524	523	521	507	504	510	516	508	502	502	485	485	484	489	478	482	481	483	500	520	530	524	548	546	514	505	476
461	455	456	434	423	409	392	391	371	370	374	373	391	419	419	442	457	447	465	484	498	507	507	494	485	462	467	462	475	481	475	457	455	452	443	466	453	470	486	492	498	506	508	489	496	487	463	448
431	438	444	433	416	406	409	391	403	397	409	444	471	509	556	569	560	570	573	582	569	564	571	583	569	574	557	557	561	561	542	543	550	542	512	524	519	501	506	515	527	537	578	555	562	549	518	518
492	492	504	474	473	468	449	429	438	441	452	466	519	541	562	576	564	580	578	576	568	566	591	589	583	593	589	579	586	573	566	562	554	564	547	547	537	542	543	561	549	553	551	537	525	519	504	488
483	492	476	481	472	448	433	433	422	421	446	459	516	537	567	579	550	568	585	579	576	578	579	588	578	570	556	543	549	551	552	553	536	526	524	506	501	519	526	511	554	571	556	542	549	519	516	498
471	480	476	466	453	439	439	441	439	440	449	470	498	516	548	552	573	585	578	578	573	562	563	567	576	578	552	539	550	536	533	518	519	517	530	530	502	523	512	541	563	567	564	558	554	537	514	522
498	501	488	490	484	470	464	458	434	426	470	487	510	543	575	585	590	607	584	584	571	593	590	584	562	555	547	557	547	576	533	538	542	536	527	524	522	528	525	523	537	549	564	554	551	535	522	500
481	493	498	486	455	461	459	410	414	406	418	422	449	462	482	498	499	519	523	544	536	530	530	528	536	538	523	536	555	540	537	513	507	523	521	518	502	501	519	513	521	536	571	556	558	526	501	499
486	504	473	471	455	452	442	437	426	430	409	416	440	437	463	477	474	494	522	525	538	555	544	526	511	508	503	489	489	472	482	463	457	458	446	444	461	460	460	477	455	500	509	490	501	487	472	455
435	448	459	447	438	433	400	414	436	412	436	457	487	519	527	551	558	565	576	577	556	564	550	564	586	583	565	578	578	562	546	561	542	549	540	501	487	509	529	542	537	551	541	544	533	528	513	482
497	500	481	461	460	445	423	428	427	416	434	457	500	511	536	548	560	560	562	551	561	562	559	556	551	561	548	538	546	559	560	545	537	544	526	538	536	516	514	522	536	588	582	568	547	522	506	501
464	444	446	438	433	432	422	416	420	411	428	442	486	526	540	541	549	558	556	556	550	545	573	571	565	566	552	543	566	555	539	530	553	544	527	533	535	536	528	549	555	580	588	581	574	529	523	506
487	490	491	489	474	465	447	448	440	452	469	478	504	531	561	568	568	582	586	585	576	575	597	584	570	571	552	557	562	552	564	558	530	541	525	542	508	524	527	544	547	578	583	549	569	538	503	499
494	501	490	486	476	473	446	452	459	441	457	469	519	523	551	565	570	579	597	595	585	584	595	591	592	575	554	567	582	566	559	558	540	540	551	556	531	545	522	547	539	544	556	531	541	534	510	509
476	484	474	463	438	451	435	427	417	405	402	403	441	463	466	481	500	508	521	536	535	546	545	548	542	535	528	528	518	516	512	500	505	500	509	490	492	505	515	545	541	541	557	544	540	532	505	476
474	468	471	451	444	432	422	425	414	417	417	428	433	442	469	471	483	486	503	499	523	526	514	506	501	495	487	493	494	479	489	467	455	455	453	456	461	484	478	489	491	521	537	532	517	490	467	452
449	452	450	439	431	431	416	415	408	397	431	444	472	504	521	538	538	552	553	563	560	564	562	556	563	568	560	566	560	552	549	542	522	535	514	516	511	537	531	541	540	570	567	545	565	545	524	492
480	489	474	465	469	460	445	446	431	441	435	464	513	509	554	558	552	556	563	562	560	585	571	578	579	580	553	528	543	561	532	532	530	531	527	511	543	514	544	552	539	548	558	542	531	489	483	480
454	452	463	457	446	429	418	414	420	426	404	433	464	485	520	531	531	555	543	555	554	557	566	563	548	563	549	569	557	548	551	541	527	531	535	501	525	533	524	535	557	552	550	539	533	513	511	481
471	483	468	452	452	446	430	437	437	419	440	454	480	504	522	540	546	560	562	565	566	567	575	573	563	563	552	557	553	547	547	539	529	530	525	522	518	520	524	531	545	561	562	545	542	526	509	489
475	477	468	457	452	452	435	429	429	425	430	437	464	481	498	515	521	532	543	549	551	557	563	561	567	561	548	550	552	547	543	533	525	526	523	523	515	522	525	530	539	549	548	541	533	526	504	495
450	460	433	427	417	422	396	396	401	393	402	400	415	417	441	459	443	474	477	515	509	530	534	524	543	545	526	536	536	541	521	512	506	516	503	491	508	525	540	537	550	559	538	537	523	515	488	475
475	476	465	448	453	433	420	403	408	407	416	400	404	416	418	446	464	487	477	489	495	489	513	489	495	470	465	462	478	461	456	451	455	435	454	439	442	456	477	465	494	531	525	506	467	474	443	433
441	441	437	424	421	424	426	426	426	422	432	439	509	522	536	558	568	570	586	596	582	588	583	582	603	571	572	550	555	558	552	553	539	538	527	519	522	531	525	532	565	589	580	542	551	508	503	483
476	493	478	466	470	462	457	440	437	436	440	453	498	528	545	571	563	556	580	560	566	555	565	581	573	563	563	542	560	509	542	552	537	527	537	534	516	527	530	550	555	567	548	532	529	504	487	489
481	474	467	457	450	439	434	442	434	438	439	450	494	504	534	545	567	574	585	562	578	569	576	584	573	568	561	549	542	561	536	543	535	555	527	524	516	513	524	544	535	549	537	523	521	526	504	490
466	477	464	455	436	432	433	426	434	427	466	466	499	521	501	538	547	555	559	558	570	568	571	568	562	554	546	548	536	536	525	511	519	518	509	520	519	505	523	521	544	568	555	529	520	512	495	469
466	474	471	448	458	461	444	435	427	437	435	448	484	519	520	538	555	556	564	545	559	564	566	564	574	557	550	549	542	528	546	518	522	521	513	522	499	501	518	512	538	552	551	547	528	523	492	491
467	468	470	467	453	444	429	427	419	414	409	404	420	447	465	468	496	503	531	544	540	550	557	545	529	551	537	528	542	535	519	512	490	507	509	516	495	486	512	517	546	576	559	566	556	542	505	499
466	471	474	459	433	433	421	414	411	386	393	393	397	411	444	460	472	484	491	504	526	541	525	520	501	489	484	486	486	472	467	465	422	422	412	413	424	429	442	456	460	492	512	508	497	470	466	445
433	434	436	431	423	415	402	391	388	391	385	422	461	513	518	533	552	547	564	569	577	561	575	588	572	579	547	540	555	549	519	526	519	543	515	502	493	501	508	537	562	552	545	536	504	484	471	460
448	459	456	462	446	443	425	424	418	440	430	429	492	503	509	566	526	544	527	517	531	547	536	569	562	552	558	551	539	555	550	531	531	522	517	508	510	534	528	549	573	569	546	544	536	501	479	470
475	480	478	464	464	430	449	450	429	428	433	429	499	522	538	549	541	555	536	537	544	550	562	577	552	549	561	559	538	529	545	539	532	488	509	494	486	525	513	549	564	561	550	542	501	517	519	499
465	457	455	465	448	437	438	427	432	438	445	436	486	511	530	544	539	552	567	569	541	552	547	550	567	560	549	532	549	545	540	528	533	522	502	524	502	531	525	544	581	590	555	535	537	512	500	477
464	436	448	456	456	495	460	431	443	444	442	448	500	515	525	550	552	559	563	563	563	547	544	547	543	534	526	533	525	531	530	528	529	525	514	507	509	519	529	545	565	558	526	519	513	508	486	475
455	463	470	450	431	431	443	438	432	421	389	396	408	428	431	440	449	446	461	464	471	486	482	470	475	465	463	486	487	471	463	478	448	435	432	436	439	448	479	467	516	506	489	487	469	460	430	431
410	414	420	401	386	379	376	372	363	371	362	351	379	380	397	412	429	454	484	462	476	497	486	466	460	452	454	449	447	440	439	446	410	418	425	418	414	430	432	452	491	502	483	486	451	457	433	419
412	418	411	400	399	392	383	382	387	384	400	428	446	469	492	516	549	562	561	541	545	559	552	548	548	536	506	517	524	514	516	540	495	502	507	502	495	516	520	561	580	574	537	506	500	480	438	440
451	446	434	410	417	394	391	406	423	418	416	446	480	510	538	554	553	548	566	571	561	562	555	540	571	546	551	538	531	538	522	521	513	530	499	508	515	505	535	532	568	549	536	519	506	498	461	449
472	470	439	436	429	432	421	423	420	407	426	452	479	516	536	532	531	545	588	575	580	585	576	571	577	568	553	535	555	535	516	517	520	502	518	501	489	506	519	564	569	539	505	518	511	499	458	442
432	453	454	456	438	436	415	422	411	419	425	451	477	499	525	532	557	535	553	559	544	552	563	563	565	547	527	532	550	521	520	510	501	494	496	499	499	528	527	544	565	572	535	515	506	498	479	459
461	471	449	443	451	433	429	438	422	430	427	453	493	520	539	546	550	556	554	558	547	563	553	534	537	541	521	519	531	533	535	534	507	491	517	511	495	527	525	518	541	534	486	469	477	473	505	466
475	443	444	444	437	437	433	409	410	386	383	410	407	424	421	448	464	483	502	510	508	505	501	518	532	498	505	491	505	498	508	485	488	481	474	465	479	487	506	518	563	564	525	512	515	512	474	448
444	457	453	445	428	407	406	432	404	405	402	383	404	439	438	453	464	480	480	502	510	514	519	511	510	469	480	484	467	465	456	453	434	448	436	446	437	457	486	509	525	512	514	493	489	434	458	432
435	423	424	414	407	416	404	420	415	430	415	437	462	539	546	558	565	578	575	569	578	575	574	567	591	559	563	554	556	540	524	522	515	525	517	533	517	533	555	560	562	556	543	519	520	496	496	483
442	450	446	457	427	420	421	413	424	431	423	450	487	514	535	544	546	552	552	551	547	537	553	556	553	553	540	535	539	541	508	510	516	511	529	533	514	527	540	563	592	572	549	527	525	521	491	483
444	459	468	463	448	444	432	436	430	427	451	469	508	537	557	559	555	563	553	564	550	558	564	561	555	550	550	530	541	542	516	520	502	513	507	508	495	528	550	552	587	584	554	547	525	521	475	477
457	483	480	457	447	425	439	433	431	426	423	442	495	525	547	555	551	543	558	557	544	550	545	543	543	544	532	517	531	554	526	531	538	525	518	505	514	533	551	574	575	585	547	519	518	507	483	479
474	482	468	468	456	440	427	422	448	441	445	454	523	556	571	573	585	581	587	588	560	572	570	573	577	561	562	560	557	547	523	528	534	522	524	526	510	529	550	596	586	576	558	533	516	508	503	476
468	465	469	472	444	445	431	425	425	423	401	421	425	428	428	448	462	471	480	492	505	497	503	511	501	499	496	506	503	497	495	488	467	462	501	486	491	512	544	571	581	559	562	536	512	509	479	455
442	462	447	443	433	437	429	424	425	413	388	391	417	423	423	445	459	475	484	497	493	512	517	507	495	486	479	490	494	493	472	446	432	434	445	453	455	467	498	559	548	529	508	508	456	468	471	450
436	440	448	435	416	421	399	398	408	424	415	427	466	510	531	531	551	553	534	536	527	526	531	528	531	533	544	520	529	530	530	516	527	502	528	515	524	532	549	558	577	559	538	521	514	501	470	461
444	456	456	437	430	420	424	416	413	425	420	400	421	431	444	455	456	468	469	492	492	500	503	486	499	487	485	498	498	500	466	463	466	479	480	473	472	509	523	543	572	565	541	529	498	488	479	461
459	470	464	459	459	442	445	447	446	449	470	505	571	580	566	585	606	584	581	584	551	579	580	597	581	569	553	536	545	552	537	542	535	550	529	536	538	566	591	624	587	593	568	532	517	491	509	493
486	489	485	478	472	456	445	450	465	468	486	500	540	572	591	590	589	594	587	574	567	569	561	557	543	561	538	544	564	531	541	532	533	512	532	508	523	545	603	620	621	595	563	551	520	506	505	491
481	489	480	475	463	440	446	450	451	464	454	485	542	550	554	558	574	576	584	556	560	574	570	553	558	539	541	518	550	557	543	543	535	514	518	526	505	532	569	616	610	594	560	535	535	523	499	492
474	477	471	467	463	459	454	445	442	445	440	423	438	456	461	485	492	495	507	522	510	467	512	508	506	520	490	511	516	513	507	504	492	483	496	500	496	521	568	592	605	572	575	528	511	499	482	459
450	467	447	439	430	438	417	419	420	421	414	405	430	430	441	447	481	476	508	519	517	524	535	520	505	511	516	506	519	504	502	493	499	487	503	510	524	537	562	544	508	535	505	487	482	492	471	457
433	447	457	451	441	439	440	426	444	441	448	503	550	579	608	615	618	649	624	619	611	612	603	618	595	589	575	568	575	586	563	557	559	574	565	568	554	589	636	639	619	601	575	536	557	507	518	509
498	509	511	483	481	463	474	463	483	495	495	528	563	594	589	602	608	612	615	597	597	606	581	590	582	594	575	563	569	559	563	545	558	545	537	538	540	542	607	619	618	613	554	548	549	525	508	518
499	509	495	479	473	461	465	446	460	463	485	497	547	571	593	595	600	595	589	594	584	571	556	556	559	541	534	542	536	531	530	529	524	529	523	513	535	561	612	633	621	606	572	550	538	534	515	500
494	512	504	502	482	481	478	478	467	473	474	486	535	573	601	601	613	610	615	608	592	587	584	596	574	587	551	556	572	568	554	549	547	565	533	533	537	575	627	650	617	585	566	535	524	515	512	520
491	510	495	478	483	469	454	454	462	466	476	478	541	564	574	563	582	569	579	585	559	573	569	572	554	550	545	545	561	555	537	526	538	524	525	516	536	547	606	623	591	573	553	531	531	513	518	494
481	493	490	482	457	459	456	444	460	434	454	438	463	455	482	483	489	499	494	494	504	519	523	516	506	502	496	497	507	517	508	510	488	490	496	485	492	528	578	585	570	559	537	539	530	517	492	492
480	485	488	464	447	441	435	444	430	424	444	430	442	448	475	479	484	511	530	533	545	548	563	540	524	516	515	487	511	504	519	488	479	489	487	484	508	532	562	566	553	544	537	511	500	493	490	484
452	468	465	457	441	443	433	434	440	446	461	500	536	548	574	607	581	590	587	581	584	582	577	565	564	572	554	557	563	565	553	546	542	530	525	550	534	568	604	613	599	576	536	521	506	497	490	478
468	476	470	464	438	435	440	437	432	453	455	443	449	473	474	479	500	506	521	508	513	523	529	532	519	517	509	509	517	514	512	516	508	510	510	521	534	553	576	603	584	582	544	528	514	496	477	469
455	465	477	475	456	434	428	436	438	460	481	520	561	627	618	619	618	624	618	608	599	603	607	595	612	595	583	575	588	585	591	593	577	588	583	568	580	618	646	645	640	626	582	556	542	527	518	502
495	502	506	505	498	483	479	491	490	478	511	541	617	622	623	647	655	654	628	638	617	629	612	608	591	592	587	584	592	590	598	580	582	584	594	578	591	625	649	657	636	637	594	572	554	554	543	519
498	529	529	512	499	494	477	486	484	493	530	552	594	643	629	643	641	635	608	606	599	604	600	584	571	591	579	585	578	583	583	574	556	554	564	579	591	619	663	663	635	619	602	588	573	553	549	535
511	517	513	498	495	472	474	476	469	459	486	480	481	495	513	508	525	526	542	543	536	541	536	529	523	521	515	521	537	533	533	528	526	532	543	539	564	605	621	621	621	586	556	540	538	533	512	494
483	492	481	467	464	445	450	449	450	438	449	443	444	453	461	497	499	498	528	529	535	556	555	547	528	521	510	513	509	504	497	491	486	499	497	500	506	555	565	587	563	566	550	526	506	496	489	466
449	469	460	449	451	438	428	433	449	468	489	513	578	603	622	624	650	641	631	642	626	641	616	603	609	606	599	582	592	581	579	574	578	581	584	577	583	637	650	667	653	615	593	573	561	539	529	513
500	512	524	518	498	479	480	482	496	496	518	555	608	631	637	617	642	637	621	604	602	600	594	597	575	581	569	559	578	582	568	550	547	545	551	566	559	634	654	651	635	610	575	555	541	532	517	479
497	521	519	497	492	487	474	473	496	492	524	552	615	625	635	622	620	618	618	626	612	611	610	606	592	590	582	565	572	575	549	550	559	561	553	565	567	634	659	671	662	625	594	567	570	557	542	524
507	525	523	530	499	489	499	480	500	505	523	553	625	623	638	630	633	620	615	616	604	599	601	600	591	583	566	550	570	558	547	540	530	547	523	520	543	625	650	648	630	606	553	537	552	531	518	513
502	527	513	500	483	473	476	460	467	465	494	523	573	604	612	628	618	628	616	597	604	598	587	583	575	573	562	552	569	558	551	551	546	551	542	551	574	613	634	644	608	583	571	556	540	539	530	524
502	519	514	499	484	480	467	473	468	474	477	468	508	507	511	497	521	518	525	551	532	552	546	549	546	548	534	534	551	548	541	530	520	527	525	548	580	630	636	637	615	593	569	571	566	546	539	504
503	518	507	499	492	467	467	470	465	451	450	454	446	465	478	477	485	486	482	491	503	525	538	545	526	539	524	523	519	510	518	512	517	491	525	518	540	567	581	570	554	546	551	516	498	504	482	484
460	478	483	461	448	444	438	439	445	453	494	531	587	607	653	659	667	657	660	671	662	659	643	639	635	630	616	618	620	610	599	597	591	595	600	618	613	642	657	659	644	621	565	539	559	534	513	511
488	508	502	491	473	470	465	456	473	484	522	543	574	617	638	646	656	653	658	650	631	630	599	601	573	603	596	589	589	606	580	580	584	587	582	584	608	642	649	635	615	597	562	546	534	521	505	494
480	498	495	494	481	457	464	458	461	476	497	549	596	598	612	611	610	609	608	611	588	588	588	574	565	582	562	552	558	551	538	533	548	533	543	553	588	640	647	637	616	593	618	593	553	540	529	519
506	519	533	511	514	503	496	505	498	501	509	549	574	621	612	612	614	647	651	643	650	648	633	630	627	622	606	627	628	644	629	630	620	634	634	637	631	645	659	663	648	621	602	574	557	554	550	540
523	521	530	528	497	521	509	509	518	523	545	586	605	674	690	685	705	699	703	690	694	710	688	678	668	694	678	674	662	659	665	660	649	654	665	671	652	665	669	662	650	633	604	592	587	569	555	551
559	544	555	528	520	506	503	519	501	503	488	493	504	508	517	525	542	540	567	588	584	595	616	603	585	600	581	594	605	605	598	588	580	570	590	586	607	641	656	666	647	634	597	591	573	576	553	540
522	528	524	515	494	483	488	473	481	473	483	498	495	497	495	502	515	521	541	563	580	583	580	565	552	555	547	548	557	552	545	531	533	542	551	553	585	609	631	632	611	615	577	541	551	535	514	498
504	514	515	505	478	495	477	476	479	494	531	562	622	653	682	675	685	700	674	686	672	685	671	663	658	671	680	669	658	662	668	648	661	662	686	681	701	693	699	696	681	686	631	615	616	583	585	564
551	570	574	558	553	530	530	526	557	546	552	588	658	688	703	718	710	710	717	691	704	687	660	659	652	652	660	643	671	661	663	663	653	658	669	668	665	688	696	698	694	653	611	596	577	570	557	544
529	543	551	547	536	527	511	510	522	531	552	584	652	677	668	661	641	660	647	649	613	621	609	619	577	584	574	564	575	564	579	560	566	551	549	594	607	656	644	637	629	612	592	575	563	552	543	534
530	532	529	524	526	504	503	482	494	508	537	584	634	654	658	654	657	654	653	645	645	645	637	639	637	654	629	633	634	636	641	623	621	634	638	642	644	666	672	656	635	618	592	585	551	552	545	542
536	555	557	546	526	527	531	527	507	532	553	586	635	678	668	686	680	668	658	676	679	663	642	628	652	626	630	623	621	605	606	596	615	601	615	618	645	659	650	654	629	622	603	589	572	560	538	529
514	525	528	525	509	506	511	503	488	495	484	477	493	497	512	508	541	549	550	575	568	582	561	548	545	557	542	546	549	550	563	559	546	534	558	582	599	635	639	653	614	607	581	587	571	555	540	535
519	526	527	530	511	498	483	492	458	472	475	484	479	478	470	495	499	518	531	546	557	579	558	534	525	527	520	539	537	532	529	520	511	540	528	541	614	617	606	619	591	597	557	527	534	532	518	496
502	521	514	512	503	502	500	476	496	493	539	580	621	663	669	670	663	672	668	660	666	666	658	654	665	668	659	638	638	638	624	619	622	633	620	647	696	703	701	700	680	649	610	595	593	562	570	562
565	577	564	568	553	549	529	536	537	541	556	612	664	696	700	701	689	683	660	678	662	653	646	643	649	653	654	621	642	662	636	618	619	628	637	643	671	686	681	682	674	672	631	603	580	571	558	564
538	556	560	562	539	528	522	520	533	548	573	615	654	692	679	676	671	671	661	647	633	649	631	627	637	638	606	597	613	605	603	600	607	632	605	667	680	707	700	688	673	656	641	610	601	587	568	562
550	549	557	553	530	535	526	528	542	549	589	629	678	694	695	711	700	705	696	695	692	687	680	681	679	680	657	661	656	670	659	660	668	676	653	652	674	703	701	686	684	662	635	598	592	590	554	561
553	566	580	548	554	554	531	551	564	563	570	630	669	682	693	694	692	685	664	672	675	674	657	654	637	649	632	611	624	630	626	629	633	647	636	657	676	679	669	685	658	648	608	591	577	553	568	576
547	550	564	552	525	515	498	504	504	505	520	517	544	534	545	539	561	567	576	588	599	606	598	598	593	583	568	584	569	563	574	565	556	568	590	631	655	666	677	646	647	624	612	599	592	581	568	558
549	563	554	558	533	532	512	503	513	508	518	509	508	515	514	528	534	519	538	544	557	592	577	549	517	511	537	537	536	529	520	535	543	522	557	582	589	607	617	615	605	595	582	557	562	549	532	520
505	522	528	526	527	527	512	511	508	530	572	608	676	684	736	720	688	727	723	705	693	681	666	662	648	659	634	641	660	643	651	634	634	663	687	693	682	693	680	685	685	651	631	609	594	575	584	575
556	579	584	568	550	550	530	533	541	550	586	617	701	721	700	711	715	716	698	714	694	693	690	672	667	678	656	661	673	681	669	652	650	690	697	712	697	688	712	702	694	661	627	594	606	604	581	575
562	576	588	572	558	551	550	543	556	572	587	645	689	707	675	677	684	683	680	665	668	656	648	642	644	653	629	643	644	634	641	644	656	657	663	721	722	717	724	714	706	689	659	626	611	593	587	603
586	600	600	590	582	569	576	565	552	569	577	637	680	701	704	712	690	683	681	683	670	676	666	660	644	649	653	629	646	632	618	630	635	637	669	693	712	712	709	711	691	674	664	625	614	593	576	561
567	591	595	578	565	567	564	553	567	566	627	632	685	717	709	701	682	682	666	649	674	671	679	670	655	647	646	626	623	652	642	637	626	636	666	719	739	718	720	713	707	673	668	653	652	612	589	617
597	610	637	602	598	586	577	580	557	567	577	578	599	584	591	613	619	599	608	631	625	641	628	619	591	603	607	620	620	627	606	603	601	609	635	681	698	705	708	704	692	670	664	625	626	610	592	577
584	591	602	580	562	549	543	531	538	529	511	516	554	563	560	552	564	609	619	685	686	663	639	605	650	651	654	636	637	622	628	616	638	660	676	668	661	674	685	666	636	635	618	604	593	598	572	598
600	589	567	558	548	543	552	549	560	569	586	620	655	694	695	693	702	708	714	696	679	681	695	683	693	727	694	697	694	676	698	697	724	756	768	773	748	752	760	737	690	686	657	645	627	612	619	623
640	629	613	605	593	591	584	571	594	591	631	648	674	689	704	704	707	722	720	701	690	705	697	730	716	747	727	708	711	705	690	716	730	771	772	741	741	787	777	751	727	723	680	644	657	651	643	655
674	676	652	651	639	618	594	578	597	618	619	657	692	708	715	706	733	744	754	747	732	731	730	745	754	769	754	709	731	724	735	716	751	755	757	792	775	777	762	763	723	700	666	651	649	634	609	639
636	631	615	602	590	586	577	566	586	584	609	643	674	693	712	731	721	704	707	731	719	723	713	735	716	740	726	716	730	723	722	729	746	745	744	749	734	739	743	740	722	715	677	665	647	631	629	648
643	632	571	609	595	612	586	580	604	591	603	632	633	683	679	698	694	708	709	714	692	686	697	689	705	705	697	691	706	678	688	698	738	753	739	758	741	729	744	735	717	696	680	658	669	641	641	661
645	637	620	612	590	581	562	562	567	572	565	557	558	569	594	587	592	595	617	619	601	626	630	615	637	641	651	629	644	605	616	623	681	681	719	701	717	717	729	719	701	682	667	642	658	642	623	638
635	628	622	585	584	576	572	552	561	544	541	525	547	537	538	566	572	587	615	607	611	630	623	623	636	638	623	628	614	601	617	618	624	620	618	620	616	619	633	644	622	596	571	572	576	571	558	596
597	578	568	558	533	529	525	527	534	544	567	595	616	637	653	662	672	642	687	668	660	687	681	691	682	693	695	685	673	674	668	685	698	715	722	721	731	728	729	734	715	693	642	619	617	609	609	616
634	613	613	595	578	569	567	571	565	576	591	627	646	667	695	676	717	738	756	735	741	755	747	760	775	738	769	726	742	741	723	750	782	777	753	760	725	769	755	771	736	722	670	646	643	629	635	633
649	645	634	616	609	590	579	581	583	583	630	664	684	711	714	727	722	740	728	715	698	718	729	735	736	728	746	709	709	716	724	748	763	760	732	732	721	729	726	721	688	672	661	627	618	624	604	617
641	638	612	602	591	584	583	582	586	597	608	638	665	692	714	708	712	717	729	735	703	677	698	719	728	749	744	716	706	693	698	710	759	778	728	768	749	726	704	708	715	695	671	642	643	627	620	629
636	619	616	610	590	595	590	591	600	607	623	644	662	688	686	704	694	726	697	696	663	676	680	666	682	696	672	660	676	662	663	692	718	751	715	733	719	719	708	726	710	666	657	646	645	634	625	645
645	634	624	604	574	581	578	581	576	580	576	573	549	570	575	591	598	615	622	644	615	650	666	665	670	674	664	655	653	658	661	671	695	695	700	713	694	723	727	721	699	670	659	647	645	644	610	607
629	619	597	585	564	571	563	558	555	559	561	541	536	541	544	565	564	577	591	602	596	616	622	585	594	599	590	576	582	578	568	584	640	637	631	643	655	652	654	664	654	632	602	588	591	577	563	577
603	599	590	571	572	569	555	565	575	586	608	636	669	689	687	698	709	705	728	713	693	709	695	702	701	721	708	691	716	703	708	714	759	791	748	758	759	748	732	747	716	688	665	643	641	633	626	639
666	647	630	633	606	602	588	590	595	603	644	660	688	697	741	757	747	754	764	739	747	742	765	753	761	772	754	745	736	753	747	749	771	759	748	745	727	719	724	721	720	711	672	645	642	635	652	675
699	647	634	638	615	609	619	621	625	617	639	656	666	684	710	703	721	729	726	728	705	726	733	731	738	746	729	725	730	712	711	730	769	748	729	734	721	722	724	739	690	678	644	644	645	618	619	642
657	649	629	607	604	596	602	598	603	618	636	650	668	695	685	685	703	691	711	707	667	689	685	676	666	685	696	681	676	658	673	678	753	752	740	752	716	732	743	725	734	700	668	655	667	640	649	657
685	667	650	642	634	623	613	611	617	622	645	675	685	699	698	709	707	704	704	697	696	702	698	698	711	712	716	688	689	675	701	724	787	770	751	759	748	741	736	744	746	717	673	648	665	667	665	683
675	671	645	647	627	619	619	601	596	589	593	574	572	563	574	582	583	603	609	610	632	661	650	641	678	685	686	680	676	690	676	701	723	725	718	744	726	746	732	730	724	705	663	663	655	633	629	658
652	637	619	618	603	575	581	587	577	566	573	542	533	550	549	558	610	617	630	637	641	652	668	652	642	650	640	645	662	666	641	655	672	664	666	673	681	666	667	675	671	654	640	627	634	634	601	634
626	612	599	585	593	573	564	563	587	601	632	668	690	707	716	741	731	741	739	714	715	733	717	718	718	719	715	705	729	708	717	725	772	751	745	732	728	753	754	761	731	695	660	638	639	636	635	653
666	664	641	622	622	609	609	617	605	611	648	675	705	728	713	722	748	746	745	740	714	732	738	729	738	762	759	748	752	740	734	771	786	765	759	786	752	771	771	772	751	721	675	666	665	652	629	671
663	675	670	638	613	615	613	607	624	629	667	659	700	737	729	720	716	712	752	733	734	737	733	727	726	755	741	730	736	722	728	749	801	746	782	775	752	740	766	777	732	714	698	661	663	660	656	679
669	673	673	655	646	632	633	647	639	653	661	684	694	728	709	712	721	736	738	718	725	729	735	741	751	760	762	745	741	733	736	730	773	767	772	776	764	758	770	769	749	715	711	678	661	688	701	691
693	690	684	672	647	647	646	639	640	615	700	707	730	734	750	765	740	740	741	743	732	736	736	744	741	741	741	732	728	742	728	763	776	765	747	741	733	776	772	770	752	724	711	688	715	704	692	717
715	716	726	686	679	672	652	651	657	657	659	637	636	602	631	642	646	660	673	678	681	716	709	725	749	759	755	741	739	737	735	738	765	759	742	730	728	758	760	751	746	718	698	701	699	687	678	690
700	690	686	667	656	641	645	624	620	622	653	629	602	593	591	605	612	621	643	638	648	663	650	671	659	669	666	659	658	644	644	662	689	685	681	679	673	707	726	710	696	684	671	660	652	648	629	651
669	671	671	655	642	646	637	642	654	636	665	675	699	736	710	735	728	741	738	740	693	713	714	719	730	735	739	718	732	716	733	751	794	777	768	748	721	774	769	747	740	708	695	685	681	659	651	686
694	676	669	668	655	646	640	642	646	651	687	695	716	729	736	734	750	744	743	725	715	703	721	720	704	721	721	714	726	723	726	755	775	741	739	731	716	765	751	746	733	703	681	663	662	661	655	681
685	681	667	654	652	649	644	651	654	655	683	678	717	714	722	714	722	713	717	722	712	725	717	727	763	773	779	758	761	757	754	768	786	769	773	775	761	778	763	777	769	733	703	657	688	659	657	692
699	690	674	666	643	650	634	632	649	646	674	701	723	754	751	774	768	770	767	754	752	763	758	761	751	767	762	748	773	795	779	783	796	775	775	777	750	765	762	779	756	741	700	676	695	691	679	695
714	698	690	678	671	665	668	665	674	667	676	683	714	717	720	727	742	742	764	744	728	759	748	772	781	800	790	741	761	765	762	785	792	777	777	784	761	785	772	755	735	708	681	663	684	672	678	687
684	674	669	641	639	638	629	634	626	621	613	617	598	593	613	611	611	639	658	646	658	686	687	680	712	714	709	715	709	698	721	730	758	729	763	749	740	741	747	766	730	721	710	691	691	685	657	710
709	685	670	648	633	603	611	612	607	614	620	587	578	563	570	585	586	599	627	639	642	687	686	648	643	650	654	638	636	627	635	656	661	669	659	673	673	671	683	711	678	682	648	635	637	637	623	647
659	643	625	623	614	606	599	598	625	638	667	688	719	730	743	747	749	753	755	754	740	763	741	763	770	776	764	771	768	756	759	789	799	771	775	761	764	773	779	760	758	719	720	684	676	683	676	694
718	705	680	665	661	669	668	664	679	677	692	696	727	753	766	751	759	785	779	772	747	785	774	775	789	801	800	791	786	787	799	829	822	805	799	819	801	803	798	793	788	749	731	717	707	707	692	710
715	711	703	691	681	692	683	679	686	705	721	745	754	766	781	774	771	774	778	773	759	764	778	772	764	808	771	757	773	763	783	815	830	797	793	791	776	795	770	792	781	736	733	703	713	728	712	744
748	754	744	723	707	711	706	709	714	712	729	763	767	796	790	796	793	795	773	759	738	761	760	772	798	804	808	789	800	786	792	825	804	797	791	786	810	821	803	825	780	766	720	695	708	715	700	716
736	719	729	708	692	678	669	668	676	702	713	728	801	785	771	756	787	783	794	798	756	761	803	805	793	832	821	807	824	813	782	795	800	787	790	764	777	775	788	788	768	744	735	703	716	726	716	705
723	702	677	680	673	681	651	647	647	649	638	638	604	600	611	616	593	639	673	666	673	707	704	691	730	740	715	729	738	722	722	750	752	737	720	742	721	748	752	776	736	727	710	713	721	695	682	708
740	749	741	736	704	695	694	690	686	694	676	673	652	584	615	632	628	668	704	678	713	708	721	706	700	706	722	705	691	677	711	708	714	727	702	726	729	726	727	752	737	722	694	695	711	682	668	704
669	660	677	674	648	650	649	643	648	653	678	697	726	739	745	745	755	766	781	768	758	775	766	783	795	815	805	803	795	791	792	805	824	804	798	792	781	800	795	813	788	755	711	677	700	674	676	702
721	709	694	696	685	696	671	670	679	690	698	727	752	752	753	787	755	767	778	758	757	779	777	753	790	800	811	799	793	779	789	800	795	805	808	809	781	796	793	820	805	785	756	729	740	737	715	749
764	762	741	730	727	719	707	707	716	717	725	740	765	775	768	776	784	785	794	807	782	792	786	807	803	829	816	798	788	772	774	817	806	816	826	819	801	789	804	839	802	776	748	730	746	728	722	745
759	751	746	741	734	731	718	731	728	738	764	763	778	788	800	802	799	813	787	793	767	787	782	785	788	801	796	784	791	753	759	790	783	788	768	787	760	779	778	791	769	777	758	738	737	736	725	737
756	762	749	734	742	729	728	716	725	728	752	757	772	791	796	791	804	786	799	779	767	774	774	779	793	806	806	789	795	789	796	819	818	799	790	800	780	786	790	823	790	755	743	724	743	722	723	733
760	769	747	725	722	710	705	688	700	677	681	667	682	645	639	650	659	694	712	704	705	746	743	750	753	754	767	766	766	756	757	774	790	783	782	787	786	793	780	805	787	767	756	736	755	747	734	749
758	745	730	714	702	712	708	706	694	682	671	642	627	618	609	625	617	656	677	672	696	739	729	724	712	735	739	742	725	706	707	736	722	691	724	728	734	717	737	754	728	731	709	710	717	706	693	703
719	719	709	682	690	683	660	661	678	680	681	719	738	769	769	772	775	779	792	775	766	760	782	772	778	787	784	787	781	758	766	789	795	788	773	793	757	775	777	798	765	746	728	699	708	711	701	718
750	729	719	716	696	686	678	676	686	691	717	721	745	765	772	757	762	754	779	755	745	756	744	744	768	776	775	783	771	757	790	796	800	788	783	778	771	786	781	790	767	744	705	688	702	674	675	708
704	711	707	685	689	661	664	669	679	675	705	729	742	755	751	757	768	778	789	774	766	779	760	778	798	815	816	803	797	774	772	789	788	794	792	784	784	797	783	785	775	757	706	693	697	699	686	712
711	717	693	685	678	668	657	674	678	674	697	714	735	745	742	734	720	738	754	728	731	723	723	726	742	760	771	759	757	756	754	777	799	790	768	773	741	770	768	780	735	727	715	706	698	683	672	702
702	703	706	692	680	677	671	670	665	680	705	716	719	729	718	750	752	750	764	749	740	763	757	750	749	762	761	753	770	765	751	768	780	757	732	752	749	749	740	772	739	706	713	693	698	697	681	693
716	706	694	686	665	672	658	649	651	654	649	627	605	620	604	624	646	663	682	669	693	724	730	724	728	770	761	769	770	749	750	770	782	767	756	763	753	758	750	772	733	717	691	701	691	693	676	699
704	701	663	660	657	648	638	626	622	615	620	615	606	580	582	596	607	626	645	658	653	667	680	691	676	695	693	691	691	688	668	691	699	672	673	698	693	695	726	724	701	680	668	673	659	645	645	661
658	659	646	641	630	625	627	619	627	625	651	658	669	704	705	721	717	724	742	730	706	735	733	735	750	766	772	767	751	736	746	781	789	772	770	784	773	784	765	780	732	720	707	689	706	688	660	673
686	674	668	647	641	645	652	651	666	663	683	689	703	705	707	707	718	745	736	715	735	732	733	723	719	741	735	735	737	723	742	761	779	755	762	768	731	754	761	786	744	744	724	702	710	691	677	697
711	696	690	680	670	660	658	658	668	679	681	696	690	680	688	677	700	708	709	701	707	739	733	725	724	766	742	736	737	719	737	767	783	770	789	788	759	750	776	801	782	734	719	712	717	706	680	707
703	695	690	676	675	653	642	640	643	636	668	643	618	602	611	616	622	664	680	685	664	690	699	701	716	730	725	725	733	726	728	757	770	739	727	721	702	689	701	722	714	713	695	698	716	707	707	710
712	724	709	691	684	670	660	655	648	635	635	608	575	546	548	547	572	580	606	612	599	632	620	633	645	664	654	665	663	649	636	659	656	643	683	677	651	670	688	704	673	652	668	673	691	678	677	695
703	689	681	674	669	655	646	641	632	637	616	602	586	562	548	562	582	587	610	602	618	634	634	635	658	666	671	657	659	630	632	655	653	655	665	690	660	688	687	707	683	679	680	670	662	665	674	679
711	699	684	676	663	654	644	627	646	639	628	622	592	553	533	553	581	589	635	621	641	671	665	658	678	697	685	669	675	667	656	674	675	662	671	674	671	644	672	706	678	652	650	660	671	652	644	665
682	680	671	645	652	634	629	621	623	634	641	634	645	626	627	632	662	674	689	696	686	704	705	695	715	727	736	718	730	702	695	712	731	722	741	725	711	729	727	743	728	689	679	668	706	686	672	688
709	702	689	692	655	649	641	647	646	643	649	634	662	632	614	635	649	656	683	682	672	701	683	690	700	717	719	712	715	711	709	725	741	740	727	723	713	708	722	745	729	696	685	671	699	690	661	678
697	697	672	668	651	631	623	631	626	640	643	639	626	625	620	638	640	651	681	680	688	681	684	700	692	708	710	697	700	688	682	716	732	724	722	728	701	726	730	753	717	709	713	681	692	694	684	700
716	703	690	669	658	648	638	637	644	646	648	635	623	619	602	604	627	637	669	667	669	693	701	698	711	712	727	723	721	708	692	713	716	718	722	710	705	725	706	718	700	670	666	676	678	690	686	733
