   36.6000
   37.0000
   37.0000
   37.0000
   37.0000
   36.9000
   36.9000
   36.9000
   36.9000
   37.0000
   37.0000
   37.0000
   36.9000
   37.5000
   37.5000
   37.6000
   37.9000
   38.0000
   38.0000
   38.0000
   38.0000
   38.1000
   38.3000
   38.4000
   38.4000
   38.0000
   39.1000
   39.3000
   41.5000
   42.9000
   46.3000
   49.0000
   52.3000
   54.4000
   55.1000
   55.6000
   55.9000
   56.3000
   49.0000
   57.5000
   57.5000
   57.5000
   57.6000
   57.4000
   57.4000
   57.2000
   57.2000
   57.3000
   59.1000
   59.1000
   59.0000
   57.8000
   59.1000
   59.4000
   59.3000
   59.3000
   59.5000
   61.5000
   61.7000
   62.5000
   62.6000
   63.3000
   63.3000
   64.5000
   61.3000
   64.7000
   64.7000
   65.2000
   65.3000
   65.6000
   65.7000
   68.0000
   68.2000
   69.1000
   69.1000
   69.1000
   69.2000
   67.0000
   69.2000
   71.7000
   72.3000
   73.6000
   73.9000
   74.0000
   74.1000
   75.9000
   76.0000
   76.4000
   76.5000
   76.5000
   74.2000
   79.2000
   79.2000
   79.5000
   80.2000
   80.7000
   80.8000
   82.8000
   82.9000
   82.9000
   83.8000
   84.0000
   84.2000
   81.7000
   85.5000
   85.7000
   86.0000
   88.2000
   88.6000
   88.6000
   87.2000
   87.2000
   87.3000
   89.0000
   89.5000
   90.7000
   87.8000
   92.9000
   93.0000
   94.5000
   95.2000
   95.4000
   95.6000
   99.0000
   99.0000
   99.1000
   99.8000
   99.8000
   99.9000
   96.9000
  100.3000
  100.2000
  100.2000
  100.7000
  100.6000
  100.0000
   99.9000
   99.7000
   99.6000
  100.1000
   99.7000
   98.6000
  100.0000
   98.5000
  100.8000
  100.4000
  100.2000
  100.2000
  100.2000
  100.4000
  100.7000
  102.8000
  102.8000
  103.0000
  103.0000
  101.1000
  103.7000
  104.0000
  104.0000
  104.1000
  104.3000
  104.5000
  105.1000
  105.2000
  105.2000
  105.4000
  105.2000
  105.2000
  104.7000
  105.0000
  105.0000
  105.0000
  105.0000
  105.0000
  104.9000
  104.8000
  104.7000
  104.6000
  104.8000
  104.8000
  104.8000
  104.9000
   99.5000
   99.3000
   99.1000
   99.3000
   99.8000
   99.7000
   99.8000
  100.0000
  100.2000
  100.3000
  100.1000
   99.9000
   99.7000
  100.8000
  101.0000
  100.9000
  101.2000
  101.2000
  100.9000
  101.4000
  101.7000
  102.2000
  105.5000
  106.1000
  105.9000
  102.4000
  107.2000
  107.4000
  107.7000
  109.0000
  109.4000
  109.2000
  109.5000
  110.1000
  110.0000
  111.6000
  111.1000
  110.9000
  109.4000
  112.8000
  113.1000
  113.1000
  113.4000
  113.4000
  113.3000
  113.2000
  112.6000
  112.8000
  113.1000
  113.0000
  112.4000
  113.0000
  111.7000
  110.9000
  110.9000
  110.6000
  111.1000
  110.8000
  111.2000
  110.5000
  110.5000
  110.5000
  110.5000
  110.5000
  110.8000
  110.6000
  110.5000
  110.1000
  109.3000
  108.7000
  109.0000
  108.6000
  107.1000
  106.5000
  106.5000
  107.0000
  107.5000
  108.4000
  106.9000
  107.1000
  107.0000
  106.8000
  106.5000
  105.7000
  105.7000
  105.4000
  105.1000
  104.7000
  104.6000
  104.6000
  105.8000
  104.5000
  104.9000
  105.4000
  106.0000
  106.5000
  107.2000
  107.4000
  108.5000
  109.1000
  109.4000
  109.7000
  110.5000
  107.4000
  110.6000
  111.1000
  111.2000
  111.1000
  111.5000
  111.3000
  112.2000
  113.0000
  113.6000
  114.1000
  114.5000
  114.4000
  112.4000
  116.6000
  118.1000
  119.3000
  120.1000
  120.2000
  120.2000
  120.1000
  119.5000
  118.6000
  117.6000
  116.3000
  115.6000
  118.5000
  114.8000
  113.5000
  113.2000
  113.4000
  113.7000
  114.3000
  114.2000
  114.5000
  114.7000
  114.3000
  114.0000
  113.7000
  114.0000
  113.8000
  114.1000
  114.1000
  114.3000
  113.9000
  114.1000
  114.3000
  114.3000
  114.6000
  114.3000
  114.5000
  114.0000
  114.2000
  113.9000
  113.2000
  112.9000
  112.9000
  112.8000
  112.7000
  112.6000
  112.1000
  110.8000
  109.1000
  107.2000
  105.7000
  111.3000
  104.0000
  102.6000
  102.4000
  102.2000
  101.5000
  102.0000
  101.5000
  101.3000
  101.0000
  101.4000
  101.7000
  102.3000
  102.0000
  103.1000
  103.7000
  104.4000
  105.6000
  106.0000
  105.8000
  105.7000
  104.6000
  104.3000
  103.1000
  101.8000
  100.9000
  104.1000
   99.3000
   98.5000
   98.4000
   97.6000
   97.3000
   96.9000
   97.1000
   96.7000
   96.1000
   95.6000
   95.2000
   94.7000
   96.9000
   94.1000
   94.1000
   95.4000
   96.2000
   97.7000
   99.5000
  101.1000
  102.7000
  104.8000
  105.4000
  105.1000
  104.7000
  100.1000
  104.2000
  104.0000
  103.7000
  103.8000
  103.3000
  102.9000
  102.3000
  102.3000
  102.8000
  104.4000
  105.3000
  106.7000
  103.8000
  109.9000
  116.0000
  121.7000
  129.8000
  136.3000
  134.8000
  138.6000
  144.4000
  148.1000
  150.6000
  153.0000
  153.8000
  136.4000
  157.4000
  157.9000
  153.2000
  151.3000
  147.1000
  141.5000
  139.3000
  133.7000
  136.1000
  140.6000
  146.1000
  146.1000
  145.9000
  149.8000
  149.7000
  149.8000
  151.3000
  153.4000
  159.9000
  167.5000
  169.7000
  174.5000
  176.5000
  167.9000
  167.5000
  161.5000
  163.5000
  166.5000
  170.3000
  177.8000
  181.0000
  181.2000
  180.2000
  172.1000
  168.3000
  165.1000
  168.4000
  169.9000
  172.0000
